/*--------------------------------*- C++ -*----------------------------------*\ 
| =========                 |                                                 |
| \\      /  F ield         | OpenFOAM: The Open Source CFD Toolbox           |
|  \\    /   O peration     | Version:  6                                     |
|   \\  /    A nd           | Web:      www.OpenFOAM.org                      |
|    \\/     M anipulation  |                                                 |
\*---------------------------------------------------------------------------*/
            lateral08
    {
        type            freestream;        freestreamValue nonuniform List<vector>
        314
        (
            (  4.6023  14.8807  -2.8367)
            (  3.8904  15.3160  -3.5940)
            (  3.5654  15.1424  -2.6061)
            (  4.3071  16.4202  -2.7872)
            (  3.5698  16.1806  -3.2744)
            (  2.7629  15.7889  -3.7697)
            (  2.6789  14.8636  -3.2842)
            (  3.3077  13.8899  -2.3997)
            (  2.3160  14.9723  -2.6975)
            (  2.8271  14.5891  -2.9919)
            (  3.3836  13.2014  -3.4018)
            (  4.1566  11.3165  -2.4800)
            (  4.5762  10.3418  -1.5347)
            (  2.6460  12.8395  -2.6640)
            (  3.4803  11.9593  -2.7297)
            (  4.3158  10.9742  -2.8481)
            (  4.3235   9.3516  -1.8199)
            (  4.0609   8.5593  -0.8812)
            (  4.0680  10.0585  -2.4677)
            (  4.1574   9.4312  -2.2655)
            (  4.2595   8.7166  -2.0279)
            (  3.7415   8.0114  -1.1320)
            (  3.1394   7.3238  -0.2100)
            (  4.1147   8.9660  -2.1110)
            (  3.7207   8.3545  -1.6949)
            (  3.5026   7.6875  -1.3235)
            (  2.8661   7.0240  -0.4533)
            (  2.2737   6.4811   0.4341)
            (  3.8577   8.1497  -1.7511)
            (  3.3983   7.5398  -1.3082)
            (  2.8344   6.8680  -0.6749)
            (  2.2466   6.3068   0.1290)
            (  1.6790   5.7808   0.9383)
            (  3.2768   7.3410  -1.2510)
            (  2.7909   6.7383  -0.7527)
            (  2.2680   6.1634  -0.0941)
            (  1.8518   5.8018   0.6026)
            (  1.4534   5.4972   1.3678)
            (  2.8094   6.5454  -0.7849)
            (  2.3140   6.0273  -0.2083)
            (  1.8299   5.5470   0.4024)
            (  1.5851   5.4490   1.0390)
            (  1.3244   5.3157   1.6788)
            (  2.5179   5.9259  -0.4087)
            (  2.1045   5.6111   0.1355)
            (  1.6798   5.3087   0.7602)
            (  1.4133   5.1832   1.3328)
            (  1.2604   5.1929   1.8611)
            (  2.3462   5.5568  -0.0044)
            (  2.0281   5.3820   0.4611)
            (  1.7176   5.2693   1.0147)
            (  1.5789   5.3423   1.4510)
            (  1.5454   5.5517   1.9287)
            (  2.3914   5.5514   0.2582)
            (  2.1139   5.4383   0.7311)
            (  1.8619   5.3627   1.2043)
            (  1.8734   5.5827   1.5402)
            (  1.8538   5.7748   1.8896)
            (  2.4521   5.6610   0.4350)
            (  2.2613   5.6219   0.8416)
            (  2.0414   5.6414   1.2988)
            (  2.0469   5.8417   1.5907)
            (  2.0631   6.0520   1.8740)
            (  4.8112  14.8010  -2.9137)
            (  4.7780  14.8029  -2.7976)
            (  4.2712  14.9354  -1.9318)
            (  4.0026  15.4285  -3.7815)
            (  3.9397  15.4343  -3.6660)
            (  3.7232  15.4194  -2.9725)
            (  4.6533  14.8681  -2.9795)
            (  3.6166  15.4266  -2.7531)
            (  3.2933  15.4489  -2.0942)
            (  4.0933  15.0288  -2.0411)
            (  4.7666  16.5073  -2.8418)
            (  4.0115  16.2735  -3.2917)
            (  3.8560  16.2307  -3.3429)
            (  2.9039  15.9515  -3.7232)
            (  2.6626  15.4141  -3.6893)
            (  3.9211  15.4028  -3.7637)
            (  2.4209  15.7704  -2.6569)
            (  2.3602  15.5464  -3.0029)
            (  3.7195  16.2222  -3.2226)
            (  2.4303  15.3619  -3.1116)
            (  2.6668  14.7016  -3.4350)
            (  2.8498  15.8578  -3.7104)
            (  4.6382  15.1859  -3.4387)
            (  4.3149  15.1998  -2.7750)
            (  4.1720  15.2144  -2.5398)
            (  4.2674  14.9885  -2.5730)
            (  5.8568  16.6850  -3.0384)
            (  2.8488  15.4112  -3.4665)
            (  3.0283  15.1417  -3.0443)
            (  3.7421  15.1385  -3.0366)
            (  3.1329  15.8473  -3.1810)
            (  3.0270  15.7576  -3.3550)
            (  3.1709  16.0600  -3.4406)
            (  2.7483  14.4753  -3.5389)
            (  2.8901  14.2006  -3.5739)
            (  2.5758  15.2274  -3.6341)
            (  2.9576  13.2961  -2.9609)
            (  3.3760  12.6832  -3.0681)
            (  3.2211  13.6554  -3.2019)
            (  4.5335  14.8723  -2.4280)
            (  4.5092  14.6282  -1.8741)
            (  4.4641  14.8897  -2.3029)
            (  3.9309  15.4068  -3.4103)
            (  4.4715  15.2418  -3.4338)
            (  4.5491  15.1975  -3.3091)
            (  4.3481  15.2149  -2.9565)
            (  4.5939  16.4376  -3.0770)
            (  5.6615  16.6763  -2.9918)
            (  4.4840  16.4029  -3.1389)
            (  3.5083  16.1254  -3.5128)
            (  3.3255  16.0751  -3.5730)
            (  2.5796  15.7034  -3.9347)
            (  3.1045  15.6821  -4.0557)
            (  3.3792  15.5103  -3.7733)
            (  4.1405  16.3419  -3.0615)
            (  3.3023  15.9945  -2.9450)
            (  3.1693  15.8786  -3.1237)
            (  3.0877  16.0046  -3.5074)
            (  2.9316  15.7293  -3.4663)
            (  2.7090  15.5457  -3.6109)
            (  3.4662  15.3817  -3.5587)
            (  3.5494  15.2532  -3.3424)
            (  3.8009  15.3211  -3.3792)
            (  3.2086  14.8703  -2.6235)
            (  3.3893  14.5984  -2.2030)
            (  3.3890  15.1456  -2.1753)
            (  3.6542  16.2357  -2.7275)
            (  3.5870  16.1762  -2.8434)
            (  4.1710  16.3702  -2.9382)
            (  3.3526  16.1033  -3.2184)
            (  3.2753  16.0535  -3.2823)
            (  3.4416  16.1429  -3.3304)
            (  2.6296  15.4919  -3.6741)
            (  2.4671  15.4100  -3.8157)
            (  2.5393  15.6161  -3.9083)
            (  2.0760  14.3279  -2.7212)
            (  2.5390  13.9091  -2.8537)
            (  2.7493  14.8074  -2.8839)
            (  4.7154  14.8181  -2.6806)
            (  4.7968  14.7758  -2.6346)
            (  4.2037  15.3681  -3.7987)
            (  4.0083  15.4365  -3.8644)
            (  4.6689  14.8677  -3.1193)
            (  4.4643  14.9884  -3.1698)
            (  4.3507  15.0147  -3.0412)
            (  4.1802  15.0092  -2.3057)
            (  4.0301  15.2286  -2.3040)
            (  3.8912  15.2418  -2.0682)
            (  4.2127  16.3232  -3.2571)
            (  3.7655  16.2000  -3.4061)
            (  3.0510  15.9967  -3.6800)
            (  2.8707  15.6376  -3.7366)
            (  2.8867  15.7388  -4.0445)
            (  2.5653  15.6149  -3.9130)
            (  3.9624  15.4118  -3.8750)
            (  3.7624  15.4461  -3.8667)
            (  3.7835  15.3826  -3.7480)
            (  2.7307  15.7310  -3.0635)
            (  2.8256  15.8140  -2.9426)
            (  2.3137  15.6130  -2.8930)
            (  3.8786  16.2653  -3.1743)
            (  3.5354  16.2042  -3.0975)
            (  3.4309  16.1557  -3.1557)
            (  2.5066  15.1467  -3.2201)
            (  2.5526  15.5690  -3.3067)
            (  2.6399  15.6494  -3.1848)
            (  2.9321  15.9089  -3.6405)
            (  2.8821  15.8005  -3.6075)
            (  2.8014  15.7446  -3.6705)
            (  4.5534  15.1249  -3.4871)
            (  4.6958  15.1828  -3.5527)
            (  4.6696  14.8066  -2.3955)
            (  4.7297  14.7934  -2.5201)
            (  4.6115  14.8507  -2.5505)
            (  4.4747  14.6506  -2.0465)
            (  4.5361  14.7812  -2.0453)
            (  4.4834  14.7983  -1.8989)
            (  4.6101  14.7702  -2.1649)
            (  4.3928  15.3010  -3.7276)
            (  4.3678  15.2975  -3.6323)
            (  4.5779  15.2351  -3.6557)
            (  4.5750  15.0098  -3.3598)
            (  4.5268  14.9953  -3.2700)
            (  4.6565  16.4393  -3.0866)
            (  4.9754  16.5187  -3.0719)
            (  4.7065  16.4733  -3.0134)
            (  5.5111  16.6362  -3.1921)
            (  5.2830  16.6221  -3.1283)
            (  5.1457  16.5771  -3.1861)
            (  5.3726  16.6664  -2.8787)
            (  5.3561  16.6547  -3.0218)
            (  5.6293  16.6643  -3.1257)
            (  4.3736  16.3668  -3.2082)
            (  4.5143  16.3892  -3.2213)
            (  4.5541  16.4097  -3.1466)
            (  3.6647  16.1499  -3.5664)
            (  3.6676  16.1683  -3.4654)
            (  3.1983  16.0370  -3.6326)
            (  3.5337  16.1143  -3.6069)
            (  2.6294  15.8030  -3.9599)
            (  2.6824  15.8248  -3.9095)
            (  2.6572  15.7592  -3.8831)
            (  2.7596  15.8520  -4.0001)
            (  3.6629  15.5173  -3.9552)
            (  3.2111  15.6387  -3.9396)
            (  3.4431  15.5762  -3.9472)
            (  3.8129  16.2837  -2.9878)
            (  3.6776  16.2445  -3.0439)
            (  4.0171  16.3047  -3.1207)
            (  2.7182  15.6826  -3.7310)
            (  2.6394  15.6229  -3.7823)
            (  2.6888  15.7239  -3.8092)
            (  3.7921  12.0620  -3.1624)
            (  4.1338  11.4849  -3.0238)
            (  3.6825  12.6582  -3.3342)
            (  3.3109  16.1048  -3.3861)
            (  3.1987  16.0055  -3.3469)
            (  3.1208  15.9557  -3.4118)
            (  4.2672  15.0219  -2.9297)
            (  4.1789  15.0336  -2.8179)
            (  4.5551  14.8925  -2.7061)
            (  3.3848  13.5574  -3.1518)
            (  3.8812  12.9119  -2.7284)
            (  2.8750  14.5023  -2.8533)
            (  4.4144  14.8665  -1.8994)
            (  4.4763  14.8523  -2.0233)
            (  4.3380  14.9190  -2.0555)
            (  3.8932  15.4360  -3.5584)
            (  4.1170  15.3702  -3.5886)
            (  4.1853  15.3630  -3.7074)
            (  4.1681  15.2875  -3.0303)
            (  4.2825  15.2793  -3.2546)
            (  3.8284  15.4127  -3.1917)
            (  4.7696  16.4975  -2.9366)
            (  5.0912  16.5548  -3.0082)
            (  5.0818  16.5635  -2.9116)
            (  2.3247  15.6867  -2.7786)
            (  2.9193  15.8966  -2.8213)
            (  3.0138  15.9798  -2.6993)
            (  2.3547  15.3997  -3.5493)
            (  2.4562  15.4852  -3.4283)
            (  2.5854  14.9266  -3.3280)
            (  3.1019  15.8193  -3.2381)
            (  3.2285  15.9542  -3.2536)
            (  3.3062  16.0044  -3.1896)
            (  3.0733  15.8556  -3.3833)
            (  3.1511  15.9051  -3.3183)
            (  3.0741  15.7932  -3.2950)
            (  2.8337  14.2355  -3.6221)
            (  2.4365  15.0090  -3.7418)
            (  2.3496  15.2516  -3.6592)
            (  2.4789  15.4309  -3.8594)
            (  2.3915  15.2447  -3.8051)
            (  2.4886  15.0404  -3.5791)
            (  4.4023  14.9038  -2.1797)
            (  4.5697  14.8258  -2.1641)
            (  4.6184  14.8169  -2.2813)
            (  4.5493  15.2324  -3.5581)
            (  4.2934  15.3062  -3.5108)
            (  4.2464  15.3080  -3.4029)
            (  4.4820  15.2033  -3.1915)
            (  4.3822  15.1410  -3.2609)
            (  4.4799  15.1252  -3.3808)
            (  4.2286  15.1510  -3.0355)
            (  4.3019  15.1453  -3.1503)
            (  4.4155  15.2090  -3.0740)
            (  3.2568  15.9537  -3.0057)
            (  3.5399  16.1582  -2.9997)
            (  3.6174  16.2079  -2.9353)
            (  3.3841  16.0558  -3.1263)
            (  3.4621  16.1075  -3.0633)
            (  3.2095  15.9124  -3.0659)
            (  3.0410  15.9042  -3.4776)
            (  2.9616  15.8532  -3.5434)
            (  3.0099  15.9579  -3.5751)
            (  2.7545  15.6431  -3.6398)
            (  2.8347  15.6979  -3.5766)
            (  2.7887  15.5994  -3.5474)
            (  2.5546  15.4396  -3.7271)
            (  2.5981  15.5329  -3.7547)
            (  2.6739  15.5870  -3.7023)
            (  2.6282  15.6867  -3.8552)
            (  2.5686  15.5745  -3.8317)
            (  2.4966  15.5249  -3.8815)
            (  2.6662  15.8001  -4.0263)
            (  2.6789  15.7656  -3.8882)
            (  2.9300  15.7024  -3.9055)
            (  2.8000  13.9423  -2.9941)
            (  2.9658  13.7053  -3.0758)
            (  2.9048  14.3713  -3.1001)
            (  3.5088  15.4340  -2.5337)
            (  3.8876  15.3149  -2.5594)
            (  4.0288  15.3009  -2.7949)
            (  3.6062  15.3426  -2.0878)
            (  3.7466  15.3289  -2.3238)
            (  3.4008  15.4415  -2.3141)
            (  2.6197  14.9771  -2.8000)
            (  2.4686  14.4170  -2.8306)
            (  2.6342  14.1794  -2.9124)
            (  4.3787  12.2644  -2.3043)
            (  4.6727  11.6518  -1.8338)
            (  3.7504  13.2663  -1.9448)
            (  3.2073  11.7763  -2.6832)
            (  3.4883  11.4178  -2.6749)
            (  3.0633  12.3991  -2.6968)
            (  3.7929  10.9619  -2.6463)
            (  4.0975  10.5062  -2.6178)
            (  3.8970  11.5199  -2.7624)
            (  4.3962  10.0430  -2.5789)
            (  4.4918   9.5931  -2.3577)
            (  4.6578  10.3964  -2.7089)
        );
    }
