/*--------------------------------*- C++ -*----------------------------------*\ 
| =========                 |                                                 |
| \\      /  F ield         | OpenFOAM: The Open Source CFD Toolbox           |
|  \\    /   O peration     | Version:  6                                     |
|   \\  /    A nd           | Web:      www.OpenFOAM.org                      |
|    \\/     M anipulation  |                                                 |
\*---------------------------------------------------------------------------*/
            lateral07
    {
        type            freestream;        freestreamValue nonuniform List<vector>
        297
        (
            (  3.9648  15.0635  -1.7831)
            (  4.0402  15.1510  -1.1185)
            (  4.2081  15.2068  -0.4303)
            (  3.2564  15.1665  -1.7210)
            (  3.6440  14.9914  -0.9316)
            (  3.8084  15.1266  -0.4904)
            (  3.9794  15.0697  -0.1974)
            (  4.0896  14.9524  -0.1413)
            (  4.6282  11.8006  -1.1825)
            (  4.7369  11.3200  -0.5160)
            (  4.3495  11.6836  -0.2794)
            (  4.3770  11.7171  -0.0113)
            (  4.2379  12.0741  -0.0906)
            (  4.8004   9.4198  -0.6469)
            (  4.5765   8.7899   0.0484)
            (  4.0755   8.2600   0.3048)
            (  3.9040   8.5964   0.3496)
            (  3.5818   8.2616   0.1942)
            (  3.6442   7.7555   0.0029)
            (  3.0784   7.0685   0.6727)
            (  2.6089   6.6543   0.8826)
            (  2.0376   6.2217   0.9808)
            (  1.4267   5.7672   0.5884)
            (  2.4809   6.6269   0.6611)
            (  1.8767   6.0076   1.3348)
            (  1.3431   5.5869   1.4760)
            (  0.7648   5.1822   1.4831)
            (  0.1939   4.9010   0.7977)
            (  1.6478   5.9510   1.2646)
            (  1.0497   5.4263   1.8086)
            (  0.5513   5.0243   2.0038)
            (  0.1589   4.7749   1.8835)
            (  0.0814   4.8406   0.8549)
            (  1.2152   5.4521   1.6438)
            (  0.8133   5.2242   1.8532)
            (  0.3683   4.9624   2.2070)
            (  0.1412   4.8993   2.1540)
            (  0.3399   5.1672   1.0564)
            (  1.0232   5.2265   2.1109)
            (  0.7080   5.2019   2.6717)
            (  0.6850   5.3629   2.5337)
            (  0.6743   5.5174   2.2262)
            (  0.8735   5.7307   0.8053)
            (  1.1304   5.3296   2.2919)
            (  0.9325   5.4527   2.8197)
            (  1.0897   5.8039   2.5439)
            (  1.3041   6.1907   2.0846)
            (  1.6917   6.5004   0.5463)
            (  1.2624   5.4405   2.2691)
            (  1.4582   5.8784   2.2087)
            (  1.6080   6.2809   2.2847)
            (  1.9347   6.8345   1.8578)
            (  2.2768   7.0398   0.6565)
            (  1.5129   5.7367   2.3750)
            (  1.6830   6.1264   2.6095)
            (  2.1066   6.7622   2.1105)
            (  2.5253   7.3936   1.4928)
            (  2.9487   7.6323   0.0627)
            (  1.9308   6.0466   2.1517)
            (  2.2137   6.4781   2.1459)
            (  2.5957   7.0711   1.7841)
            (  3.0416   7.7174   1.1315)
            (  3.3453   7.8272   0.0497)
            (  2.2867   6.4676   2.0920)
            (  2.6917   6.9671   1.7192)
            (  3.1255   7.4888   1.2519)
            (  3.5552   7.9960   0.7668)
            (  3.8515   8.0972  -0.3774)
            (  4.2076  14.9524  -1.8027)
            (  4.1542  15.0577  -1.0670)
            (  4.1587  15.0729  -0.9699)
            (  4.3137  15.1774  -0.4315)
            (  4.3022  15.1893  -0.4078)
            (  3.2953  15.4226  -1.7195)
            (  3.4333  15.3663  -1.3175)
            (  3.9869  15.1359  -1.2430)
            (  3.5734  15.3092  -0.9145)
            (  3.5906  15.3828  -0.8596)
            (  4.1763  15.1992  -0.4590)
            (  3.6578  15.3704  -0.7330)
            (  3.9067  15.2788  -0.2753)
            (  3.9456  15.2674  -0.1983)
            (  4.2770  13.1753  -0.1193)
            (  4.2256  13.1445  -0.0982)
            (  4.0746  14.9863  -0.1308)
            (  4.1847  13.0693  -0.1351)
            (  4.1541  12.9434  -0.1931)
            (  4.0220  15.4570  -0.4510)
            (  4.0822  15.4202  -0.3494)
            (  3.9951  13.9287  -0.6517)
            (  4.1591  13.7451  -0.3343)
            (  3.9587  15.0004  -0.2562)
            (  4.0738  14.5705  -0.1796)
            (  4.1234  14.5310  -0.1016)
            (  4.0453  15.0281  -0.0989)
            (  4.1884  14.3179  -0.1497)
            (  4.2103  14.2194  -0.1993)
            (  4.1462  14.8575  -0.1645)
            (  4.3782  10.0571   0.1431)
            (  4.2464   9.9590   0.1155)
            (  4.2885  12.1630  -0.0483)
            (  4.0860   9.7863   0.0245)
            (  3.8861   9.6131  -0.0523)
            (  4.1107  11.8591  -0.2040)
            (  4.1290  15.0002  -1.4564)
            (  4.5325  14.7583  -1.4259)
            (  4.4870  14.7049  -1.7384)
            (  4.5598  14.7755  -1.3666)
            (  4.1357  15.0144  -1.3588)
            (  4.1885  15.1273  -0.6756)
            (  4.2000  15.1517  -0.5780)
            (  4.0086  15.4186  -0.3284)
            (  3.7846  15.3211  -0.5167)
            (  4.1054  15.4069  -0.3133)
            (  4.0103  15.2395  -0.0981)
            (  4.0213  15.2286  -0.0971)
            (  4.0550  15.0288  -0.0978)
            (  4.1573  14.4169  -0.0999)
            (  4.1815  14.3482  -0.1332)
            (  4.1640  14.8245  -0.1723)
            (  4.2166  14.1923  -0.2158)
            (  4.2347  14.1167  -0.2654)
            (  3.8562  15.3782  -1.0774)
            (  3.8980  15.4010  -0.9152)
            (  4.0912  15.1660  -0.9772)
            (  4.2344  15.2328  -0.7519)
            (  4.2610  15.2421  -0.6864)
            (  4.2444  15.2137  -0.4610)
            (  4.1182  14.7371  -0.1482)
            (  4.1267  14.6967  -0.1648)
            (  4.1081  14.9089  -0.1508)
            (  4.1656  15.0870  -0.8721)
            (  4.2842  15.0588  -0.8502)
            (  4.2839  15.0326  -0.9457)
            (  4.3874  15.1517  -0.4530)
            (  4.2911  15.1693  -0.4659)
            (  4.1413  15.1810  -0.8288)
            (  3.9401  15.4233  -0.7535)
            (  3.9784  15.4493  -0.5875)
            (  3.7254  15.3574  -0.6050)
            (  3.9759  15.4336  -0.3681)
            (  3.8531  15.4200  -0.4693)
            (  3.9701  15.2545  -0.1573)
            (  3.9995  15.3607  -0.1523)
            (  3.9632  15.3423  -0.1915)
            (  4.2275  14.0628  -0.1257)
            (  4.2126  14.1158  -0.1004)
            (  4.2697  13.2107  -0.0626)
            (  4.0669  15.0221  -0.1151)
            (  4.1049  14.7954  -0.1154)
            (  4.1109  14.7696  -0.1318)
            (  4.1820  13.0512  -0.1509)
            (  4.2147  13.8787  -0.1780)
            (  4.2213  13.9719  -0.1519)
            (  4.2058  13.7162  -0.2326)
            (  4.2100  13.7959  -0.2052)
            (  4.1719  13.0113  -0.1702)
            (  4.1997  14.6162  -0.2100)
            (  4.2203  14.6142  -0.2134)
            (  4.1578  15.4125  -0.3421)
            (  4.1393  15.4017  -0.4190)
            (  4.0312  15.4387  -0.3959)
            (  4.2734  15.2620  -0.6164)
            (  3.9088  15.0415  -0.3342)
            (  3.9737  14.6537  -0.3356)
            (  4.0239  14.6115  -0.2576)
            (  4.1271  14.8808  -0.1580)
            (  4.1348  14.6592  -0.1814)
            (  4.1426  14.6233  -0.1980)
            (  4.5094  14.7358  -1.4841)
            (  4.4085  14.8523  -1.5025)
            (  4.4101  14.8772  -1.4099)
            (  4.4381  14.8145  -1.7631)
            (  4.4032  14.8330  -1.6179)
            (  4.4930  14.7159  -1.5762)
            (  4.4788  14.9219  -1.1767)
            (  4.4609  14.9550  -1.0741)
            (  4.4211  14.8971  -1.3260)
            (  4.4848  14.8936  -1.2738)
            (  4.5892  14.7898  -1.3070)
            (  4.4055  15.0625  -0.7389)
            (  4.4595  15.0589  -0.6969)
            (  4.4109  15.0078  -0.9330)
            (  4.3888  15.0438  -0.8233)
            (  4.4900  15.0670  -0.6363)
            (  4.2291  15.1653  -0.5135)
            (  4.3634  15.1443  -0.4864)
            (  4.3393  15.1319  -0.5413)
            (  4.0605  15.3906  -0.2528)
            (  3.9881  15.3975  -0.2583)
            (  4.0196  15.3829  -0.2197)
            (  3.9181  15.4024  -0.3391)
            (  3.9449  15.4093  -0.3022)
            (  4.0396  15.4035  -0.2884)
            (  4.1071  15.3976  -0.2847)
            (  4.0354  15.3360  -0.0958)
            (  4.0265  15.3490  -0.1157)
            (  3.9940  15.2412  -0.1181)
            (  4.0398  15.3705  -0.1855)
            (  4.0609  15.3581  -0.1516)
            (  4.0352  15.2125  -0.0947)
            (  4.0899  14.8199  -0.0985)
            (  4.0994  14.8176  -0.0991)
            (  4.0612  15.0462  -0.0994)
            (  4.1594  14.6059  -0.2055)
            (  4.1805  14.6178  -0.2068)
            (  4.1810  14.7980  -0.1790)
            (  3.7720  15.2600  -1.8200)
            (  3.7471  15.2810  -1.5919)
            (  3.9145  15.0946  -1.5521)
            (  3.5365  14.2781  -1.6407)
            (  3.6464  14.1999  -1.4001)
            (  3.4785  15.0033  -1.3252)
            (  3.7564  14.1222  -1.1595)
            (  3.8663  14.0441  -0.9189)
            (  3.7692  14.9912  -0.6078)
            (  4.0122  14.8736  -0.1981)
            (  4.0369  14.8550  -0.1590)
            (  4.0038  15.0532  -0.1582)
            (  4.5501  10.3483  -0.2374)
            (  4.5149  10.1362   0.0377)
            (  4.3516  11.6855  -0.1466)
            (  3.4292   7.4768   0.5868)
            (  3.1210   7.2817   0.5065)
            (  3.7724   8.4990   0.3223)
            (  2.9161   7.1540   0.3522)
            (  2.7194   7.0101   0.2058)
            (  3.3914   8.0250   0.0660)
            (  4.1484  14.9695  -1.6683)
            (  4.2909  14.9010  -1.6366)
            (  4.3515  14.8832  -1.7705)
            (  4.2857  15.0064  -1.0398)
            (  4.2858  14.9804  -1.1346)
            (  4.1490  15.0427  -1.1640)
            (  3.9336  15.1210  -1.3659)
            (  3.7774  15.3283  -1.4072)
            (  3.8162  15.3538  -1.2417)
            (  4.1485  15.1918  -0.5098)
            (  4.1895  15.2083  -0.8742)
            (  4.2137  15.2185  -0.8123)
            (  3.9332  15.3310  -0.2285)
            (  3.9027  15.3193  -0.2655)
            (  3.8670  15.2915  -0.3538)
            (  4.2896  13.1922  -0.0517)
            (  4.1992  14.1239  -0.1006)
            (  4.1905  14.1095  -0.1683)
            (  4.0280  15.0373  -0.1191)
            (  4.0614  14.8371  -0.1199)
            (  4.0792  14.8252  -0.0996)
            (  4.1957  14.2853  -0.1662)
            (  4.1616  14.4885  -0.1655)
            (  4.1540  14.5232  -0.1490)
            (  4.1770  14.4184  -0.1986)
            (  4.1694  14.4528  -0.1821)
            (  4.2031  14.2516  -0.1827)
            (  4.3324  12.2298  -0.0128)
            (  4.3949  11.2529   0.0368)
            (  4.3509  11.1862   0.0013)
            (  4.2687  14.9330  -1.4253)
            (  4.2639  14.9179  -1.5223)
            (  4.1230  14.9856  -1.5536)
            (  4.1428  15.0283  -1.2613)
            (  4.2824  14.9612  -1.2303)
            (  4.2752  14.9473  -1.3278)
            (  4.3111  15.1070  -0.6538)
            (  4.2942  15.0836  -0.7523)
            (  4.1767  15.1030  -0.7732)
            (  3.8262  15.3057  -0.4344)
            (  3.8737  15.3095  -0.3027)
            (  3.8460  15.3015  -0.3397)
            (  4.1683  14.4058  -0.1002)
            (  4.1345  14.6077  -0.0996)
            (  4.1239  14.6164  -0.0992)
            (  4.1471  14.5537  -0.1325)
            (  4.1407  14.5812  -0.1160)
            (  4.1749  14.3772  -0.1167)
            (  4.2224  14.1689  -0.2323)
            (  4.1885  14.3711  -0.2317)
            (  4.1833  14.3911  -0.2152)
            (  4.2114  14.3450  -0.2538)
            (  4.1938  14.3503  -0.2483)
            (  4.2283  14.1444  -0.2489)
            (  3.9395  15.4493  -0.4088)
            (  3.8613  15.3848  -0.4134)
            (  3.8903  15.3943  -0.3761)
            (  3.9061  14.6940  -0.4838)
            (  3.9235  14.6965  -0.4137)
            (  3.8586  15.0840  -0.4122)
            (  4.3004  11.0974  -0.0410)
            (  4.2496  11.0103  -0.0834)
            (  4.1871  11.9879  -0.1330)
            (  3.7965  15.4028  -0.5440)
            (  3.7402  15.3861  -0.6187)
            (  3.5236  15.3950  -0.9860)
            (  4.1360  11.9046  -0.1756)
            (  4.1987  10.9250  -0.1259)
            (  4.1476  10.8403  -0.1685)
        );
    }
