/*--------------------------------*- C++ -*----------------------------------*\ 
| =========                 |                                                 |
| \\      /  F ield         | OpenFOAM: The Open Source CFD Toolbox           |
|  \\    /   O peration     | Version:  6                                     |
|   \\  /    A nd           | Web:      www.OpenFOAM.org                      |
|    \\/     M anipulation  |                                                 |
\*---------------------------------------------------------------------------*/
            lateral06
    {
        type            freestream;        freestreamValue nonuniform List<vector>
        337
        (
            (  4.1027  11.8369  -0.2135)
            (  3.1817   7.7987  -0.0252)
            (  0.7989   5.2737   0.2139)
            ( -0.1017   4.9538   0.1962)
            (  0.2659   5.1373   0.0655)
            (  0.3829   5.2136  -0.1084)
            (  1.1201   5.9050  -0.5992)
            (  2.0184   6.7059  -0.4417)
            (  2.6347   7.2257  -0.7981)
            (  3.3068   7.7481  -1.2287)
            (  3.5330   7.7994  -0.7940)
            (  4.1495   8.1673  -1.5477)
            (  4.0660  11.9575  -0.2212)
            (  2.7479   7.4076  -0.1115)
            (  0.9372   5.6581  -0.0502)
            ( -0.2751   5.1463  -0.3191)
            (  0.0862   5.0347  -0.7126)
            (  0.6410   5.4457  -1.0685)
            (  1.5365   6.2000  -1.4688)
            (  2.2975   6.8778  -1.6078)
            (  2.9476   7.3636  -1.9372)
            (  3.5021   7.7151  -2.0158)
            (  3.8556   7.8646  -2.0287)
            (  4.1849   8.0543  -2.0638)
            (  4.6633  14.4074  -0.2332)
            (  3.9920  11.5294  -0.2404)
            (  2.2584   7.1472  -0.2157)
            (  0.1109   5.2907  -0.2117)
            ( -0.5312   5.2390  -0.5398)
            (  0.2324   5.5063  -1.0268)
            (  1.1197   5.8997  -1.5025)
            (  1.9512   6.4382  -1.9478)
            (  2.6630   7.0672  -2.2263)
            (  3.1897   7.4092  -2.3877)
            (  3.6618   7.6518  -2.4212)
            (  3.9546   7.7382  -2.4013)
            (  4.1587   7.8969  -2.3230)
            (  4.9914  14.3419   0.1620)
            (  4.6606  13.9902   0.1553)
            (  3.4254  11.0034   0.2999)
            (  1.4338   7.1203   0.4336)
            ( -0.0133   5.6866   0.2830)
            ( -0.5078   5.5979   0.0577)
            (  0.5203   6.1439  -0.3788)
            (  1.5706   6.2618  -0.7981)
            (  2.2674   6.7186  -1.0451)
            (  2.9623   7.0236  -1.5221)
            (  3.3302   7.2440  -1.7410)
            (  3.7148   7.5084  -1.6125)
            (  3.9002   7.5102  -1.8254)
            (  4.0365   7.7213  -1.6431)
            (  4.9595  14.0141   0.6311)
            (  4.3900  13.1914   0.7116)
            (  3.2000  10.8888   0.7639)
            (  1.1149   7.4853   0.8922)
            ( -0.1440   6.0630   0.7504)
            ( -0.4071   5.9994   0.6437)
            (  0.7944   6.6949   0.3902)
            (  1.8531   6.7239  -0.0320)
            (  2.5929   7.0045  -0.1508)
            (  3.1857   6.9806  -0.6487)
            (  3.5436   7.2313  -0.8460)
            (  3.7677   7.3649  -0.8037)
            (  3.8443   7.3440  -1.1191)
            (  3.9353   7.5739  -0.9207)
            (  4.1353  12.8791  -0.2075)
            (  4.0770  12.4531  -0.2221)
            (  4.0680  12.4027  -0.2245)
            (  4.1334  12.3745  -0.2532)
            (  4.6348  14.4417  -0.2383)
            (  3.1791   8.6892  -0.1718)
            (  2.9332   8.5024  -0.2206)
            (  4.0069  11.5838  -0.2367)
            (  4.6901  14.4778  -0.2333)
            (  4.6958  14.1653   0.1332)
            (  4.9844  14.3847   0.1034)
            (  4.1581  12.3045  -0.2431)
            (  4.0043  12.0427   0.1408)
            (  4.6646  14.0710   0.0626)
            (  5.0073  14.0334   0.6303)
            (  4.6748  14.0480   0.2825)
            (  4.6441  13.7659   0.6279)
            (  4.9654  14.0493   0.5951)
            (  4.6402  13.6853   0.7216)
            (  4.6284  13.4444   1.0029)
            (  4.2455  14.0832  -0.2789)
            (  4.2999  13.9785  -0.3019)
            (  3.6609   9.4193  -0.1141)
            (  3.2775   8.7750  -0.1452)
            (  4.0740  11.9982  -0.2191)
            (  4.6619  14.5140  -0.2385)
            (  3.8491  10.5968  -0.2359)
            (  3.7997  10.5868  -0.2357)
            (  4.0469  11.9567  -0.2260)
            (  4.8406  14.6352  -0.1530)
            (  4.8122  14.3536   0.1401)
            (  4.8041  14.1942   0.3031)
            (  4.9833  14.2127   0.3772)
            (  3.9979  12.2890   0.3782)
            (  3.9184  12.2035   0.6234)
            (  4.4427  13.4359   0.4860)
            (  4.7876  13.9258   0.5791)
            (  4.7787  13.7672   0.7418)
            (  4.9342  13.9142   0.7274)
            (  4.2442  13.6486  -0.2934)
            (  4.1050  12.5742  -0.2140)
            (  4.3086  13.9304  -0.2977)
            (  4.0716  12.3494  -0.2453)
            (  4.3096  13.3501  -0.2645)
            (  4.3242  13.1323  -0.2485)
            (  4.3395  13.4042  -0.2601)
            (  4.1097  12.4497  -0.2634)
            (  4.4302  13.7579  -0.2575)
            (  4.4734  13.6823  -0.2424)
            (  4.7221  14.3424  -0.1283)
            (  4.8087  14.5750  -0.1361)
            (  4.7574  14.3134   0.1689)
            (  4.7914  14.4960  -0.0559)
            (  4.7104  14.2807  -0.0532)
            (  4.8368  14.5854  -0.1038)
            (  4.8155  14.4076   0.0846)
            (  5.0399  14.1795   0.3565)
            (  5.0348  14.1394   0.4267)
            (  4.9789  14.1713   0.4486)
            (  4.8324  14.1687   0.3462)
            (  4.7915  13.9800   0.5231)
            (  4.7776  13.7169   0.7924)
            (  4.7666  13.5564   0.9581)
            (  4.2419  14.5783  -0.2191)
            (  4.2632  14.4996  -0.2285)
            (  4.0345  11.4041  -0.2314)
            (  4.0280  11.3921  -0.2330)
            (  4.0600  11.9523  -0.2226)
            (  4.5403  13.8211  -0.2335)
            (  4.5240  13.7380  -0.1643)
            (  4.6870  14.2651  -0.1658)
            (  3.0400   8.9770  -0.2238)
            (  2.8169   9.0177   0.0656)
            (  3.5668  11.0370   0.0507)
            (  4.9323  14.3776   0.1822)
            (  4.9279  14.3364   0.2468)
            (  4.9913  14.2997   0.2291)
            (  4.9016  14.0517   0.5511)
            (  4.8970  14.0123   0.5926)
            (  4.9488  13.9816   0.6608)
            (  3.8714  12.1680   0.8276)
            (  3.8244  12.1324   1.0317)
            (  4.4681  13.1371   0.9569)
            (  4.1155  12.8238  -0.2136)
            (  4.2345  13.6556  -0.2820)
            (  4.2035  13.6208  -0.2519)
            (  4.1174  12.8036  -0.2462)
            (  4.1204  12.8722  -0.2420)
            (  4.0859  12.5050  -0.2197)
            (  4.0634  12.4089  -0.2299)
            (  4.1051  12.6930  -0.2447)
            (  4.6075  14.4766  -0.2433)
            (  4.5826  14.3855  -0.2195)
            (  4.6097  14.3516  -0.2207)
            (  4.7192  14.4464  -0.2282)
            (  4.7468  14.5198  -0.2284)
            (  4.7170  14.5490  -0.2334)
            (  4.9347  14.4639   0.0423)
            (  4.9384  14.4205   0.1061)
            (  4.6684  14.1522  -0.0277)
            (  4.4533  13.6401  -0.0068)
            (  4.3834  13.5445   0.1502)
            (  5.0321  14.2661   0.2294)
            (  5.0157  14.0662   0.5674)
            (  4.6541  13.9317   0.4321)
            (  4.7076  14.0736   0.4318)
            (  4.7283  14.1901   0.2817)
            (  4.9672  14.0918   0.5484)
            (  4.9099  14.1318   0.4660)
            (  4.9059  14.0914   0.5091)
            (  4.6363  13.6048   0.8154)
            (  4.6595  13.6363   0.9315)
            (  4.6612  13.7346   0.8364)
            (  4.6856  13.4929   1.0289)
            (  4.6730  13.5648   0.9802)
            (  4.6323  13.5246   0.9093)
            (  4.8867  13.8115   0.8125)
            (  4.8789  13.7634   0.8594)
            (  4.2606  14.0431  -0.2894)
            (  4.2606  14.2951  -0.2589)
            (  4.2336  14.3257  -0.2569)
            (  4.3012  14.1554  -0.2757)
            (  4.2825  14.2296  -0.2665)
            (  4.2759  14.0013  -0.2998)
            (  4.0757  11.7759  -0.2200)
            (  3.9534  10.6317  -0.2364)
            (  3.9011  10.6142  -0.2362)
            (  4.9849  14.2559   0.3068)
            (  4.9243  14.2952   0.2909)
            (  4.9219  14.2536   0.3364)
            (  4.9388  13.9479   0.6923)
            (  4.8930  13.9724   0.6351)
            (  4.8950  13.9280   0.6864)
            (  4.2355  13.4829  -0.2906)
            (  4.1814  13.2039  -0.2728)
            (  4.1671  13.0812  -0.2705)
            (  4.1801  13.3037  -0.2606)
            (  4.1832  13.2671  -0.2680)
            (  4.2495  13.6046  -0.2940)
            (  4.1487  12.7374  -0.2700)
            (  4.1331  12.7365  -0.2706)
            (  4.0732  12.4134  -0.2401)
            (  4.2357  13.0739  -0.2673)
            (  4.2456  13.0314  -0.2624)
            (  4.2580  12.9963  -0.2573)
            (  4.3537  13.3769  -0.2550)
            (  4.5633  14.3662  -0.2202)
            (  4.4579  13.7982  -0.2528)
            (  4.5479  14.1490  -0.2502)
            (  4.8191  14.6314  -0.2061)
            (  4.7938  14.5673  -0.2132)
            (  4.7778  14.4912  -0.1314)
            (  4.7431  14.5995  -0.2326)
            (  4.7740  14.5961  -0.2287)
            (  4.7638  14.4225  -0.0544)
            (  4.7521  14.3605   0.0206)
            (  4.7792  14.4329   0.0194)
            (  4.9281  14.5052  -0.0145)
            (  4.8262  14.5207  -0.0338)
            (  4.8870  14.5394  -0.0156)
            (  4.8846  14.5793  -0.0756)
            (  5.0367  14.2229   0.2920)
            (  5.0257  14.1015   0.4984)
            (  4.8962  13.8881   0.7323)
            (  4.8926  13.8501   0.7728)
            (  4.8274  13.6619   0.8944)
            (  4.8332  13.7202   0.8391)
            (  4.7722  13.6124   0.8994)
            (  1.8389   6.4385  -0.1346)
            (  1.5829   6.3409  -0.1908)
            (  2.5160   7.2462  -0.1594)
            (  4.0218  11.6389  -0.2330)
            (  3.7456  10.5651  -0.2354)
            (  3.6885  10.5362  -0.2350)
            (  4.1410  12.2218  -0.1728)
            (  4.3320  12.9778  -0.1686)
            (  4.3488  13.0612  -0.2383)
            (  4.6888  14.5671  -0.2377)
            (  4.6350  14.5279  -0.2424)
            (  4.8761  14.4589   0.0749)
            (  4.8797  14.4994   0.0315)
            (  4.8195  14.4621   0.0281)
            (  4.0917  10.7491  -0.2044)
            (  4.0125  10.6581  -0.2326)
            (  4.0892  11.8070  -0.2167)
            (  2.4566   6.8297   0.0765)
            (  2.1383   6.6167  -0.0378)
            (  2.9648   7.6034  -0.0684)
            (  4.6363  14.3310  -0.2236)
            (  4.6653  14.3045  -0.2280)
            (  4.6922  14.3754  -0.2281)
            (  1.3270   6.2434  -0.2471)
            (  1.1817   6.4095   0.0133)
            (  2.1064   7.3154   0.0307)
            (  3.0802   8.6023  -0.1983)
            (  3.4193   9.5630  -0.2284)
            (  3.4714   9.5796  -0.2287)
            (  4.1937  12.7929   0.1455)
            (  4.2625  12.8841  -0.0114)
            (  4.0724  12.1312  -0.0159)
            (  4.6681  13.8417   0.7261)
            (  4.6869  13.9570   0.5817)
            (  4.6481  13.8466   0.5336)
            (  4.0816  12.0323  -0.2172)
            (  4.0487  11.4527  -0.2279)
            (  4.0416  11.4289  -0.2297)
            (  4.0552  11.9682  -0.2236)
            (  4.0221  11.3895  -0.2343)
            (  4.0158  11.3794  -0.2358)
            (  4.8091  14.2999   0.1952)
            (  4.8686  14.3774   0.1621)
            (  4.8722  14.4182   0.1183)
            (  4.8629  14.2946   0.2518)
            (  4.8655  14.3361   0.2066)
            (  4.8065  14.2469   0.2493)
            (  4.7838  13.8719   0.6348)
            (  4.8428  13.9748   0.5743)
            (  4.8464  14.0290   0.5201)
            (  4.8386  13.8717   0.6809)
            (  4.8399  13.9217   0.6280)
            (  4.7806  13.8187   0.6894)
            (  4.0953  12.5448  -0.2170)
            (  4.1210  12.9280  -0.2367)
            (  4.1191  12.9711  -0.2299)
            (  4.5688  14.0609  -0.2400)
            (  4.5576  14.1021  -0.2451)
            (  4.4622  13.7237  -0.2475)
            (  4.7494  14.4152  -0.1292)
            (  4.7614  14.4780  -0.2048)
            (  4.7333  14.4031  -0.2036)
            (  4.7681  14.3725   0.0943)
            (  4.7410  14.3006   0.0951)
            (  4.7303  14.2416   0.1697)
            (  4.6991  14.2199   0.0217)
            (  4.7255  14.2901   0.0212)
            (  4.7371  14.3514  -0.0536)
            (  4.9188  14.2124   0.3808)
            (  4.9145  14.1719   0.4237)
            (  4.9727  14.1313   0.5074)
            (  4.8501  14.0835   0.4658)
            (  4.8536  14.1379   0.4113)
            (  4.7950  14.0340   0.4675)
            (  4.7758  13.6658   0.8443)
            (  4.8368  13.7741   0.7853)
            (  4.8383  13.8239   0.7328)
            (  4.2338  13.7052  -0.2759)
            (  4.1743  13.3804  -0.2460)
            (  4.1764  13.3378  -0.2529)
            (  3.6315  10.5074  -0.2347)
            (  3.5476  10.4981  -0.1707)
            (  3.9415  11.4919  -0.1896)
            (  4.3151  13.4552   0.3070)
            (  4.2680  13.3509   0.4420)
            (  4.6349  13.8713   0.2683)
            (  2.5950   9.0694   0.3655)
            (  2.4028   9.1317   0.6400)
            (  3.3125  10.9459   0.5320)
            (  3.3105   9.5183  -0.2278)
            (  3.3656   9.5423  -0.2281)
            (  2.9872   8.5234  -0.2209)
            (  3.5465   9.6304  -0.2154)
            (  3.6448   9.7158  -0.1888)
            (  3.4017   8.8826  -0.1220)
            (  4.4958  13.2591   0.8425)
            (  4.1382  12.7420   1.0049)
            (  4.1255  12.6344   1.1011)
            (  0.3206   5.1686  -0.0908)
            (  0.1486   5.1693  -0.2554)
            (  0.6765   5.5127  -0.1770)
            (  2.2458   9.2181   0.8760)
            (  2.1199   9.3604   1.0572)
            (  3.0873  10.8314   0.9959)
        );
    }
