/*--------------------------------*- C++ -*----------------------------------*\ 
| =========                 |                                                 |
| \\      /  F ield         | OpenFOAM: The Open Source CFD Toolbox           |
|  \\    /   O peration     | Version:  6                                     |
|   \\  /    A nd           | Web:      www.OpenFOAM.org                      |
|    \\/     M anipulation  |                                                 |
\*---------------------------------------------------------------------------*/
            lateral10
    {
        type            freestream;        freestreamValue nonuniform List<vector>
        297
        (
            (  3.6572   8.7701   0.9906)
            (  3.6312   8.7868   1.3976)
            (  3.8601   8.5981   1.7770)
            (  3.6647   8.6120   1.6725)
            (  3.2426  10.3679   1.5898)
            (  3.3669  10.4359   1.9989)
            (  3.4494  11.0024   2.3697)
            (  3.5941  11.4480   2.7979)
            (  3.6315  11.9396   3.4143)
            (  2.4082  10.6200   1.3872)
            (  2.3271  10.8325   1.7030)
            (  2.4331  11.4887   1.8841)
            (  2.8780  12.0545   2.4856)
            (  3.0713  12.7931   2.9026)
            (  1.6263  10.7225   1.0320)
            (  1.5194  10.7864   1.2907)
            (  1.5456  11.2915   1.3488)
            (  1.6184  11.7820   1.4902)
            (  1.8143  12.2395   1.8483)
            (  1.2003  10.2914   0.6914)
            (  1.1308  10.2143   0.8862)
            (  1.1228  10.4970   0.8521)
            (  1.1062  10.7630   0.8502)
            (  1.1305  11.1088   0.9584)
            (  1.5851   9.2855   0.3922)
            (  1.5242   9.3081   0.5112)
            (  1.6334   9.5907   0.4146)
            (  1.6384   9.8067   0.3034)
            (  1.4580   9.8944   0.2527)
            (  2.1200   8.4115   0.1416)
            (  2.1777   8.5584   0.1770)
            (  2.3319   8.7938   0.0256)
            (  2.4484   9.0650  -0.1005)
            (  2.4543   9.2935  -0.2182)
            (  2.4880   8.0412  -0.0631)
            (  2.6826   8.2043  -0.0917)
            (  2.8882   8.4097  -0.2383)
            (  3.0581   8.6605  -0.3820)
            (  3.2130   8.9082  -0.5255)
            (  2.8145   8.0079  -0.2512)
            (  3.0361   8.1445  -0.2971)
            (  3.2287   8.3356  -0.4385)
            (  3.4164   8.5216  -0.5756)
            (  3.5925   8.6720  -0.7076)
            (  3.2826   7.8547  -0.3404)
            (  3.4438   8.0266  -0.4222)
            (  3.5371   8.2168  -0.5405)
            (  3.6466   8.3608  -0.6663)
            (  3.7537   8.4419  -0.7944)
            (  3.6574   7.4784  -0.3988)
            (  3.6729   7.6981  -0.5039)
            (  3.6687   7.8193  -0.5880)
            (  3.7155   7.9031  -0.6888)
            (  3.7611   8.0210  -0.7954)
            (  3.7416   7.0454  -0.4644)
            (  3.7496   7.2100  -0.5488)
            (  3.7136   7.2954  -0.6139)
            (  3.6711   7.3951  -0.6771)
            (  3.6581   7.4714  -0.7499)
            (  3.6401   6.6498  -0.4503)
            (  3.6104   6.8651  -0.5352)
            (  3.5693   6.8979  -0.5722)
            (  3.5349   6.9271  -0.6143)
            (  3.5244   6.9515  -0.6623)
            (  3.5713   6.6683  -0.4687)
            (  3.5242   6.7660  -0.4927)
            (  3.4718   6.6703  -0.4879)
            (  3.4769   6.6489  -0.5102)
            (  3.4696   6.6885  -0.5342)
            (  3.5762   6.9633  -0.4262)
            (  3.5027   6.9621  -0.4360)
            (  3.4320   6.8595  -0.4144)
            (  3.3663   6.7761  -0.3888)
            (  3.3447   6.7491  -0.3841)
            (  3.5788   8.0320   1.3514)
            (  3.6685   8.1954   1.6385)
            (  3.7491   8.1433   1.7056)
            (  3.6211   8.6069   1.5755)
            (  3.5969   8.6878   1.5860)
            (  3.7580  10.1656   2.0387)
            (  3.7037  10.5584   2.3521)
            (  3.7040   8.5251   1.7055)
            (  3.7125  10.6841   2.4714)
            (  3.7358  11.0666   2.8300)
            (  3.7438  11.1939   2.9497)
            (  3.6654  11.2981   3.2335)
            (  3.5412  11.5080   3.2021)
            (  3.2821  11.9676   2.8991)
            (  3.4664   8.5046   1.2377)
            (  3.7510   8.4664   1.2850)
            (  3.4973   8.7065   1.4210)
            (  3.6189  10.1709   1.6265)
            (  3.6869  10.1838   1.8343)
            (  3.7651   8.5910   1.6753)
            (  3.8729   9.5353   2.3158)
            (  3.8129   9.4649   2.4078)
            (  3.5613   8.9292   1.6478)
            (  3.5992  10.1037   2.5397)
            (  3.4772  10.3987   2.4741)
            (  3.2314  10.6945   2.0950)
            (  3.1030  10.9338   1.9564)
            (  3.5197  12.9930   3.4532)
            (  3.7210  13.4205   3.5428)
            (  3.6086  12.2493   3.2356)
            (  3.6694   8.4986   1.4552)
            (  3.7210   8.3894   1.3856)
            (  3.5682   8.1625   1.5654)
            (  3.7420   8.5029   1.3050)
            (  3.5540   8.6622   1.3888)
            (  3.7693   8.2275   1.7537)
            (  3.4001   8.7325   1.5650)
            (  3.6057   8.5522   1.4843)
            (  3.3563   8.7624   1.5975)
            (  3.7493   8.2824   1.6998)
            (  3.5387   9.0462   1.6755)
            (  3.7999   9.7192   2.5191)
            (  3.6492   9.9871   2.5355)
            (  3.4320  10.4714   2.4173)
            (  3.2790  10.6314   2.1643)
            (  3.0580  11.0068   1.9002)
            (  2.9144  11.2015   1.6940)
            (  3.7172   8.6404   1.0586)
            (  3.7173   8.6483   1.0931)
            (  3.0457  10.3104   1.3842)
            (  3.3253  12.2054   2.7158)
            (  3.4259  12.6075   3.0711)
            (  3.6217  11.8178   3.2593)
            (  3.5649   8.0554   1.4446)
            (  3.6271   8.4004   1.3720)
            (  3.3457   8.4025   1.3716)
            (  3.5361   8.6397   1.5091)
            (  3.5658   8.5355   1.6146)
            (  3.6730   8.4934   1.6148)
            (  3.5927   8.7504   1.6384)
            (  3.8664   8.4727   1.9683)
            (  4.0016   9.7529   2.1412)
            (  3.9362   9.6352   2.2275)
            (  3.5247   9.4545   1.9275)
            (  3.4857   9.5413   1.8952)
            (  3.3550  10.8770   2.5171)
            (  3.5282  10.8073   2.8243)
            (  3.7480  11.3699   3.1789)
            (  3.4189  11.7199   3.1740)
            (  3.2395  11.2661   2.5138)
            (  3.3095  10.9476   2.4581)
            (  2.9979  11.4675   2.0788)
            (  3.1508  11.4161   2.4071)
            (  3.3336  11.8715   3.0709)
            (  2.8262  10.6570   1.1043)
            (  2.7909  10.7518   1.0958)
            (  3.7337   8.5570   1.2245)
            (  3.7540   8.5370   1.1932)
            (  3.6435   8.4751   1.2747)
            (  3.6993   8.6442   1.1357)
            (  3.4474   8.7419   1.4554)
            (  3.3956   8.7822   1.4851)
            (  3.5881   8.8118   1.6297)
            (  3.6736   9.0696   2.0135)
            (  3.6384   9.1717   2.0010)
            (  3.1881  10.7718   2.0459)
            (  3.1070  10.4789   1.6481)
            (  3.1506  10.3974   1.6949)
            (  3.0258  10.6842   1.5981)
            (  3.0692  10.6061   1.6468)
            (  3.1462  10.8553   2.0045)
            (  3.0033  10.3820   1.3333)
            (  2.9593  10.4459   1.2732)
            (  3.7359   8.4411   1.4274)
            (  3.7888   8.2981   1.5038)
            (  3.7926   8.3235   1.5268)
            (  3.6785   8.5581   1.3308)
            (  3.6161   8.6106   1.3594)
            (  3.4610   8.6810   1.5377)
            (  3.5872   8.5032   1.6082)
            (  3.5138   8.5700   1.6328)
            (  3.7270   8.3797   1.5550)
            (  3.6598   8.4378   1.5828)
            (  3.5423   8.6050   1.5142)
            (  3.4492   8.6964   1.5903)
            (  3.4450   8.6449   1.6414)
            (  3.4377   8.6868   1.6119)
            (  3.5847   8.8165   1.6829)
            (  3.5915   9.2562   1.9481)
            (  3.5557   9.3511   1.9291)
            (  3.2003  10.3566   1.7850)
            (  3.2520  10.3051   1.8720)
            (  3.3299  10.5779   2.2482)
            (  2.9159  10.5196   1.2211)
            (  2.8709  10.5891   1.1625)
            (  3.0109  11.0734   1.8344)
            (  2.9324  10.8201   1.4705)
            (  2.9807  10.7568   1.5413)
            (  2.8239  10.9295   1.2884)
            (  2.8823  10.8781   1.3917)
            (  2.9627  11.1369   1.7639)
            (  3.7541  11.3180   3.0692)
            (  3.5613  10.5832   2.7454)
            (  3.7292  10.2454   2.7598)
            (  3.5576  10.2166   2.5385)
            (  3.4820   9.9590   2.1782)
            (  3.5069   9.8464   2.1590)
            (  3.3978  10.1419   2.1054)
            (  3.4447  10.0711   2.1677)
            (  3.5191  10.3141   2.5147)
            (  3.9992   9.7523   1.9312)
            (  4.0307   9.7573   2.0355)
            (  3.9338   8.6092   1.8815)
            (  3.7477   8.8776   2.0560)
            (  3.7096   8.9705   2.0299)
            (  3.6301   8.7146   1.6618)
            (  2.9123  10.4496   1.5104)
            (  2.9338  10.5187   1.7007)
            (  3.2796  10.4080   1.7997)
            (  2.9550  10.5876   1.8907)
            (  3.0343  10.9386   2.0935)
            (  3.4115  10.6905   2.1852)
            (  3.1320  11.3654   2.3043)
            (  3.2299  11.7922   2.5153)
            (  3.4865  11.3149   2.5541)
            (  3.8404   8.1300   1.7221)
            (  3.7766   8.2717   1.6508)
            (  3.8446   8.2124   1.6235)
            (  3.8759  10.2804   2.3146)
            (  3.8665  10.1556   2.1954)
            (  3.6961  10.4318   2.2108)
            (  3.7487   8.4505   1.7597)
            (  3.8510   8.7027   2.0760)
            (  3.7965   8.7782   2.0751)
            (  3.7206  10.8110   2.5908)
            (  3.8912  10.5354   2.5534)
            (  3.8844  10.4067   2.4338)
            (  3.8187  10.5265   2.7564)
            (  3.8808  10.6132   2.6660)
            (  3.7282  10.9388   2.7104)
            (  3.5557   8.4898   1.2563)
            (  3.6679   8.5538   1.1720)
            (  3.5813   8.5699   1.1516)
            (  3.6699   8.5804   1.5734)
            (  3.9067   9.7791   1.7299)
            (  3.9632   9.7620   1.8291)
            (  3.6086   8.3246   1.4709)
            (  3.6992   8.3116   1.4870)
            (  3.8030   8.3826   1.4005)
            (  3.6360   8.3966   1.7033)
            (  3.7065   8.3338   1.6771)
            (  3.8247   8.1660   1.7455)
            (  3.7122   8.3938   1.6305)
            (  3.5824   8.5057   1.6476)
            (  3.5999   8.4622   1.6813)
            (  3.7569   9.7599   2.5394)
            (  3.6363   9.5999   2.2950)
            (  3.6778   9.5023   2.3165)
            (  3.5398   9.7533   2.1724)
            (  3.5973   9.6918   2.2664)
            (  3.7028   9.8734   2.5372)
            (  3.3824  10.5286   2.3389)
            (  3.3033  10.2544   1.9588)
            (  3.3520  10.2045   2.0400)
            (  3.5353   8.4129   1.3566)
            (  3.4266   8.3503   1.4389)
            (  3.5175   8.3372   1.4552)
            (  3.4019  10.8106   2.5823)
            (  3.4918  11.0253   2.8962)
            (  3.4311  11.1226   2.8701)
            (  3.3866  11.1966   2.8156)
            (  3.3429  11.2733   2.7652)
            (  3.2659  11.0244   2.4078)
            (  3.0429  11.3947   2.1351)
            (  3.1223  11.6500   2.5028)
            (  3.0785  11.7263   2.4516)
            (  3.6199  10.4734   2.7545)
            (  3.7401  10.6633   2.9545)
            (  3.6886  10.7195   2.9597)
            (  3.8038  10.7634   2.8656)
            (  3.7723  10.7160   2.9103)
            (  3.6755  10.3600   2.7585)
            (  3.6784   9.8148   1.5406)
            (  3.7693   9.8251   1.6423)
            (  3.6408   8.6691   1.4839)
            (  3.4869  11.8703   2.9988)
            (  3.5233  12.0846   3.1631)
            (  3.6022  11.5733   2.9494)
            (  3.6440  12.7249   3.6154)
            (  3.6854  12.9398   3.7629)
            (  3.6410  12.0621   3.5682)
            (  2.5416  12.5890   2.4306)
            (  2.7702  13.0352   2.5666)
            (  3.2979  13.2003   3.0215)
            (  3.6276  12.1623   3.4996)
            (  3.6956  13.0940   3.6999)
            (  3.6846  13.1657   3.4353)
            (  3.6116  11.6962   3.1038)
            (  3.5614  12.2970   3.3205)
            (  3.6027  12.5111   3.4680)
            (  2.3069  11.9851   1.9277)
            (  2.4170  12.2851   2.1620)
            (  2.9726  12.4187   2.6623)
        );
    }
