/*--------------------------------*- C++ -*----------------------------------*\ 
| =========                 |                                                 |
| \\      /  F ield         | OpenFOAM: The Open Source CFD Toolbox           |
|  \\    /   O peration     | Version:  6                                     |
|   \\  /    A nd           | Web:      www.OpenFOAM.org                      |
|    \\/     M anipulation  |                                                 |
\*---------------------------------------------------------------------------*/
            lateral14
    {
        type            freestream;        freestreamValue nonuniform List<vector>
        315
        (
            (  5.5696  14.8782  -0.9130)
            (  4.1999  16.0867  -0.9470)
            (  2.7316  15.2706  -0.8036)
            (  1.7471  12.5989  -0.6183)
            (  0.6302  10.7067  -0.4029)
            ( -0.3069  10.6658  -0.2142)
            (  0.6375  10.5609  -0.4264)
            (  1.3542  10.2338  -0.5128)
            (  2.0727   8.5556  -0.7333)
            (  2.6465   7.8540  -0.7466)
            (  2.9496   7.1346  -0.6832)
            (  3.6909   7.3867  -0.5962)
            (  4.0707   7.7546  -0.5019)
            (  4.3498   9.3716  -0.3096)
            (  4.8078  15.5230  -1.1626)
            (  3.6129  16.9742  -0.9706)
            (  2.5855  15.9704  -0.7977)
            (  1.4748  13.4883  -0.6014)
            (  0.4077  11.4375  -0.4773)
            ( -0.2399  11.1080  -0.3128)
            (  0.8235  10.7832  -0.5060)
            (  1.5744  10.1205  -0.6259)
            (  2.2323   8.4493  -0.8092)
            (  2.5800   7.9080  -0.7290)
            (  3.0044   7.3763  -0.6722)
            (  3.6187   7.4810  -0.5486)
            (  4.0284   7.8699  -0.4333)
            (  4.3072   9.5859  -0.2557)
            (  7.8906  15.6894  -1.0254)
            (  6.1677  15.3600  -0.7997)
            (  4.9058  16.5508  -0.7082)
            (  3.6618  18.0033  -0.6064)
            (  2.5955  16.9036  -0.5600)
            (  1.3813  14.6532  -0.5141)
            (  0.5454  12.4634  -0.8067)
            (  0.1987  11.6919  -0.8183)
            (  1.1815  11.0667  -1.0466)
            (  1.5568  10.2403  -1.0107)
            (  2.1475   8.7909  -1.0292)
            (  2.4838   8.1974  -0.8196)
            (  2.9657   7.7755  -0.6047)
            (  3.6024   7.8366  -0.4151)
            (  3.9343   8.3857  -0.2147)
            (  4.1928   9.8065  -0.0309)
            (  5.8828  15.8530  -0.4711)
            (  4.8653  17.6059  -0.3158)
            (  3.6497  19.2679  -0.3580)
            (  2.4715  17.9248  -0.5783)
            (  1.2642  15.7312  -0.6979)
            (  0.6650  13.3407  -1.2275)
            (  0.6815  12.0390  -1.3498)
            (  1.4284  11.1392  -1.4506)
            (  1.6161  10.3761  -1.4873)
            (  2.0644   9.1788  -1.1536)
            (  2.3626   8.5516  -0.9348)
            (  2.8509   8.2502  -0.5155)
            (  3.5192   8.1761  -0.2670)
            (  3.7182   8.8574   0.0007)
            (  4.0705  10.1034   0.2013)
            (  5.3345  15.8052  -0.1399)
            (  4.4382  18.0175  -0.0297)
            (  3.7917  19.4336  -0.1837)
            (  2.5086  18.7178  -0.5415)
            (  1.4013  16.4856  -0.9497)
            (  0.7632  13.9340  -1.3189)
            (  1.0683  12.3672  -1.7100)
            (  1.5394  11.1691  -1.7334)
            (  1.6220  10.2081  -1.5912)
            (  1.8932   9.3980  -1.2498)
            (  1.9717   8.7529  -0.8567)
            (  2.5869   8.4728  -0.4521)
            (  3.1955   8.3341  -0.1048)
            (  3.4144   9.0698   0.1823)
            (  3.9663  10.3390   0.3784)
            (  5.6092  14.8987  -1.1784)
            (  5.9901  14.6525  -1.0357)
            (  7.9407  15.7239  -1.0626)
            (  7.0526  15.4039  -1.0160)
            (  7.9911  15.7046  -1.0453)
            (  7.3356  15.4411  -0.7190)
            (  6.3901  15.4363  -0.6154)
            (  6.8970  15.4123  -0.9069)
            (  5.5944  15.5980  -0.2104)
            (  6.2196  15.4563  -0.5225)
            (  5.3727  15.9035  -0.1955)
            (  4.7596  17.1267  -0.1258)
            (  5.1164  16.5652  -0.3315)
            (  5.5084  15.6100  -0.1644)
            (  4.6706  17.6771   0.1341)
            (  4.6396  17.1985  -0.0598)
            (  6.5520  14.4043  -1.2483)
            (  6.7454  14.3399  -1.1963)
            (  5.1592  15.1702  -1.1483)
            (  4.2625  15.8931  -1.1912)
            (  4.3071  15.5146  -1.2041)
            (  6.5585  15.1542  -1.0071)
            (  5.8138  15.5755  -0.9678)
            (  5.4846  14.9887  -1.2573)
            (  7.6610  15.5647  -0.8838)
            (  7.3324  15.3254  -0.8672)
            (  7.4756  15.3039  -0.9888)
            (  6.5133  15.1356  -0.4993)
            (  6.7479  15.2365  -0.6412)
            (  5.2112  15.8943  -0.0041)
            (  4.7618  16.2428  -0.0141)
            (  4.8184  16.0739  -0.0809)
            (  6.3183  14.4896  -1.2944)
            (  6.5188  14.4285  -1.2279)
            (  5.7504  14.7987  -1.1001)
            (  6.2582  14.5376  -1.3087)
            (  6.0801  14.6281  -1.3017)
            (  7.5037  15.2172  -1.0804)
            (  7.6590  15.1553  -1.2512)
            (  7.0718  14.9315  -1.2507)
            (  7.7330  15.5644  -0.8800)
            (  7.8025  15.5939  -0.9198)
            (  6.8422  15.2426  -0.6814)
            (  7.1494  15.3219  -0.7856)
            (  7.5870  15.5346  -0.8434)
            (  6.4299  15.0446  -0.4519)
            (  5.8478  15.5682  -0.3486)
            (  6.3081  15.0924  -0.4216)
            (  6.6444  15.0561  -0.6063)
            (  6.3925  15.0828  -0.4678)
            (  6.0504  15.4752  -0.4299)
            (  5.3594  15.8633   0.0133)
            (  5.3730  15.7718  -0.0335)
            (  4.8319  16.9109   0.0837)
            (  4.7707  16.5574   0.0197)
            (  5.2292  15.9832   0.0452)
            (  7.1175  14.4046  -0.9895)
            (  7.1798  14.3774  -0.9417)
            (  6.8495  14.8824  -1.2332)
            (  6.2961  14.7183  -1.2150)
            (  6.3236  14.5150  -1.2900)
            (  5.8879  15.6574  -0.5952)
            (  5.3826  16.2037  -0.5405)
            (  5.6437  15.8724  -0.7494)
            (  6.9756  15.3845  -0.6200)
            (  7.0869  15.4043  -0.6547)
            (  4.5821  18.0763   0.1966)
            (  4.2314  19.0127  -0.0488)
            (  4.1473  18.8132  -0.0877)
            (  6.4830  14.4250  -1.3169)
            (  6.3140  14.5097  -1.3107)
            (  5.8810  14.7138  -1.0507)
            (  7.8050  15.4924  -1.0945)
            (  7.8416  15.4654  -1.1447)
            (  7.0300  15.0159  -1.1908)
            (  7.5524  15.0422  -1.2589)
            (  7.3127  15.0057  -1.1013)
            (  8.0237  15.6700  -1.0264)
            (  7.9456  15.6710  -1.0093)
            (  7.1894  15.4281  -0.6924)
            (  7.2704  15.4593  -0.7345)
            (  7.4324  15.4732  -0.7613)
            (  5.6792  15.5876  -0.2565)
            (  5.8368  15.4244  -0.2814)
            (  5.7564  15.4273  -0.2348)
            (  4.9705  15.9840  -0.1727)
            (  5.1235  15.9074  -0.2614)
            (  5.5433  15.8940  -0.2861)
            (  5.6649  15.4497  -0.1898)
            (  5.5638  15.4837  -0.1440)
            (  5.4225  15.6211  -0.1180)
            (  5.0450  16.4100   0.1990)
            (  5.0729  16.3052   0.1562)
            (  4.6282  17.5372   0.0529)
            (  4.7154  17.0238   0.0344)
            (  4.7569  17.2558   0.0771)
            (  6.9772  14.4491  -1.0752)
            (  7.0589  14.4300  -1.0341)
            (  6.6122  14.3829  -1.2349)
            (  6.8711  14.3876  -1.0159)
            (  6.8061  14.4183  -1.0687)
            (  7.0413  14.3358  -0.9149)
            (  6.9393  14.3602  -0.9668)
            (  6.6751  14.3615  -1.2190)
            (  6.5924  15.1909  -0.5464)
            (  6.7115  15.3578  -0.5703)
            (  6.9014  15.3774  -0.6480)
            (  6.8078  15.3731  -0.6073)
            (  6.6679  15.2042  -0.5942)
            (  6.3486  14.4713  -1.3045)
            (  6.7284  14.4440  -1.1176)
            (  6.4406  14.4500  -1.2589)
            (  7.7522  15.3111  -1.1988)
            (  7.6337  15.1891  -1.2044)
            (  7.4778  15.0713  -1.2810)
            (  7.1272  14.8511  -1.3110)
            (  7.3261  15.0159  -1.2924)
            (  7.3380  15.1400  -1.2419)
            (  7.8544  15.5925  -0.9153)
            (  7.6508  15.5337  -0.8392)
            (  7.8730  15.6266  -0.9610)
            (  7.9860  15.6478  -0.9875)
            (  7.9271  15.6200  -0.9520)
            (  6.2219  15.1137  -0.3794)
            (  6.0819  15.2442  -0.3512)
            (  6.1563  15.2487  -0.3973)
            (  5.8986  15.2978  -0.2647)
            (  5.9949  15.2639  -0.3077)
            (  5.3737  15.6681  -0.0758)
            (  5.4822  15.5200  -0.1023)
            (  4.8116  16.7937   0.0626)
            (  4.8893  16.4533   0.1734)
            (  4.9061  16.5423   0.2219)
            (  5.2308  16.0713   0.0890)
            (  5.0758  16.2114   0.1109)
            (  5.0434  16.1289   0.0605)
            (  6.9403  14.7232  -1.3487)
            (  6.7213  14.6657  -1.3370)
            (  6.7043  14.6068  -1.3346)
            (  7.4849  15.0523  -1.1981)
            (  7.3618  15.1015  -1.1650)
            (  7.4380  15.0522  -1.2385)
            (  4.8576  16.0355  -0.9358)
            (  4.2362  16.6201  -0.8917)
            (  4.2282  16.2238  -1.1254)
            (  7.8097  15.6430  -0.9748)
            (  7.6621  15.5126  -0.9667)
            (  7.7301  15.4996  -1.0302)
            (  5.7127  15.8737  -0.3784)
            (  5.2766  15.8306  -0.3502)
            (  5.4296  15.7531  -0.4392)
            (  4.6858  17.9018  -0.1535)
            (  4.1777  18.5511  -0.1672)
            (  4.1917  18.0808  -0.2698)
            (  5.2486  15.7868  -0.0977)
            (  5.0654  15.9309  -0.0823)
            (  5.1513  15.9493  -0.1245)
            (  6.5605  15.4169  -0.7087)
            (  6.8656  15.1016  -0.7571)
            (  6.6962  15.1197  -0.6640)
            (  7.1794  15.0464  -0.9731)
            (  7.0354  15.0842  -0.8507)
            (  6.7310  15.3984  -0.8022)
            (  4.7272  16.6516  -0.0652)
            (  4.6739  16.7903  -0.0086)
            (  4.5862  17.3363  -0.0032)
            (  6.0962  15.0559  -0.9685)
            (  6.1995  14.8868  -1.0926)
            (  6.6615  14.9849  -1.1313)
            (  5.9312  14.7129  -1.2929)
            (  5.9926  15.0439  -1.1576)
            (  5.5085  15.2346  -1.1519)
            (  7.5101  15.5298  -0.8565)
            (  7.5947  15.5264  -0.9031)
            (  7.7363  15.5985  -0.9264)
            (  5.0286  16.0382   0.0113)
            (  5.0130  15.9480  -0.0378)
            (  5.1963  15.8037  -0.0532)
            (  6.1942  14.5709  -1.3059)
            (  5.9867  14.6965  -1.2619)
            (  6.0466  14.6638  -1.2585)
            (  5.8765  14.7583  -1.2762)
            (  5.9275  14.7290  -1.2660)
            (  6.1256  14.6071  -1.3028)
            (  7.5679  15.2022  -1.1425)
            (  7.7203  15.3414  -1.1496)
            (  7.6519  15.3528  -1.0871)
            (  6.9354  15.2472  -0.7217)
            (  7.0892  15.3889  -0.7282)
            (  6.9964  15.3844  -0.6880)
            (  7.5179  15.5044  -0.8027)
            (  7.3504  15.4888  -0.7747)
            (  7.4259  15.5195  -0.8156)
            (  6.0020  15.4085  -0.3729)
            (  5.9202  15.4152  -0.3271)
            (  5.7639  15.5773  -0.3025)
            (  6.5593  15.0661  -0.5599)
            (  6.4059  15.2246  -0.5356)
            (  6.4909  15.2148  -0.5820)
            (  6.2384  15.2419  -0.4433)
            (  6.3218  15.2336  -0.4894)
            (  6.4761  15.0738  -0.5138)
            (  4.8607  16.2725   0.0757)
            (  4.8768  16.3621   0.1247)
            (  4.7913  16.6751   0.0412)
            (  6.6207  14.8334  -1.2143)
            (  6.6666  14.7491  -1.2750)
            (  6.9228  14.7970  -1.3004)
            (  6.5252  14.5625  -1.3121)
            (  6.4735  14.6159  -1.3146)
            (  6.2459  14.5667  -1.2960)
            (  6.4269  14.4531  -1.3148)
            (  6.2201  14.5679  -1.2433)
            (  6.2758  14.5368  -1.2366)
            (  6.1051  14.6316  -1.2540)
            (  6.1628  14.5997  -1.2487)
            (  6.3701  14.4816  -1.3127)
            (  7.3040  15.2823  -1.1670)
            (  7.2568  15.3700  -1.1032)
            (  6.9824  15.1004  -1.1295)
            (  5.4324  14.9758  -0.9914)
            (  4.8802  15.1701  -1.2075)
            (  4.9764  15.0384  -1.2334)
            (  4.0100  16.3164  -1.0310)
            (  3.4025  16.2036  -1.0992)
            (  3.4609  15.7047  -1.1046)
            (  4.8797  17.0551  -0.1919)
            (  4.9673  16.5078  -0.1973)
            (  4.8472  16.5797  -0.1312)
            (  4.6895  15.4331  -1.1544)
            (  4.7835  15.3019  -1.1817)
            (  5.2942  15.0739  -1.0697)
            (  4.4831  18.5810   0.1897)
            (  4.4394  18.4542   0.0998)
            (  4.5384  17.9494   0.1067)
            (  4.8935  17.0769  -0.5087)
            (  4.2155  17.5082  -0.4469)
            (  4.2446  17.0167  -0.6576)
            (  3.9622  19.5501  -0.0335)
            (  3.5012  19.7864  -0.2201)
            (  3.3457  19.8578  -0.2385)
        );
    }
