/*--------------------------------*- C++ -*----------------------------------*\ 
| =========                 |                                                 |
| \\      /  F ield         | OpenFOAM: The Open Source CFD Toolbox           |
|  \\    /   O peration     | Version:  6                                     |
|   \\  /    A nd           | Web:      www.OpenFOAM.org                      |
|    \\/     M anipulation  |                                                 |
\*---------------------------------------------------------------------------*/
            lateral15
    {
        type            freestream;        freestreamValue nonuniform List<vector>
        296
        (
            (  4.6147  18.1813   0.2455)
            (  4.7020  18.5108   0.2792)
            (  4.1069  19.6264   0.0529)
            (  4.3055  19.7093   0.0829)
            (  4.4237  19.9541   0.2916)
            (  4.4064  20.3648   0.6720)
            (  3.0586  18.7820  -0.3783)
            (  3.4255  18.8237  -0.2993)
            (  3.5904  19.3970  -0.0254)
            (  3.6983  19.6613   0.2197)
            (  3.6689  19.3455   0.3176)
            (  1.9177  16.4504  -0.8299)
            (  2.2414  16.6778  -0.6359)
            (  2.6933  17.2282  -0.3188)
            (  2.8462  17.3044  -0.1723)
            (  2.7937  16.5388  -0.0616)
            (  1.2620  14.0472  -1.1317)
            (  1.5973  14.0942  -0.9834)
            (  2.0161  14.0095  -0.7097)
            (  1.9090  14.1286  -0.6040)
            (  1.9107  14.0198  -0.3682)
            (  1.0844  12.5702  -1.5189)
            (  1.1110  12.6988  -1.3113)
            (  1.3819  12.6186  -1.0283)
            (  1.8091  12.5349  -0.7085)
            (  1.9104  12.3869  -0.4303)
            (  1.4078  11.1109  -1.6005)
            (  1.3075  11.2815  -1.3645)
            (  1.5396  11.3160  -1.0291)
            (  1.5974  11.2508  -0.7730)
            (  1.7859  11.1167  -0.4772)
            (  1.3084  10.0767  -1.4651)
            (  1.1044   9.9097  -1.2813)
            (  1.2224   9.8961  -1.0112)
            (  1.3789   9.8972  -0.7264)
            (  1.7503   9.9505  -0.4080)
            (  1.3293   8.9882  -1.1947)
            (  0.9828   8.7535  -1.0384)
            (  1.1073   8.8153  -0.8440)
            (  1.1868   8.8171  -0.6078)
            (  1.5460   8.9644  -0.3410)
            (  1.3754   8.3363  -0.8023)
            (  0.9088   7.9370  -0.6896)
            (  0.9651   7.8651  -0.5301)
            (  0.9700   7.8054  -0.3985)
            (  1.2421   8.0868  -0.3067)
            (  1.9256   7.9707  -0.4205)
            (  1.3758   7.5812  -0.3433)
            (  0.9730   7.6128  -0.3603)
            (  0.7407   7.5881  -0.3110)
            (  1.0128   7.8695  -0.2192)
            (  2.5339   7.8331  -0.0735)
            (  1.9288   7.3789  -0.0153)
            (  1.4904   7.1338   0.0148)
            (  1.2240   7.4474  -0.0524)
            (  0.8444   7.6861  -0.1664)
            (  3.1714   8.8241   0.1981)
            (  3.1347   8.1769   0.1586)
            (  2.7596   8.2664   0.0378)
            (  2.3886   8.3095  -0.0340)
            (  2.0090   8.5482  -0.1480)
            (  3.8545   9.8394   0.3648)
            (  3.7387   9.4441   0.3600)
            (  3.6324   9.1047   0.3343)
            (  3.4167   9.0084   0.0950)
            (  3.0929   9.0860  -0.0883)
            (  4.7540  18.1067   0.2668)
            (  4.7036  17.7798   0.1837)
            (  4.7668  18.1355   0.2752)
            (  4.8263  18.7813   0.8848)
            (  4.7472  18.6456   0.4367)
            (  4.4856  19.7144   0.2973)
            (  4.4703  19.3813   0.0933)
            (  4.4800  19.8333   0.3596)
            (  4.4463  20.2824   0.6991)
            (  4.7859  18.9128   0.8336)
            (  4.4411  19.7341   0.7479)
            (  4.4577  20.1710   0.7055)
            (  4.4044  20.4489   0.6718)
            (  3.9627  20.0660   0.4297)
            (  3.8587  19.9230   0.2782)
            (  4.8760  17.2328   0.0784)
            (  4.8537  16.9906   0.0874)
            (  4.6786  18.4359   0.2706)
            (  4.4563  19.1793   0.0090)
            (  4.3332  19.1369  -0.0223)
            (  4.5867  19.4782   0.4421)
            (  3.9119  19.9767   0.2691)
            (  4.0026  20.0790   0.2054)
            (  4.4076  20.5498   0.6343)
            (  4.3085  20.7381   0.5317)
            (  4.2730  20.5899   0.4431)
            (  4.3584  20.0677   0.6940)
            (  4.1313  19.9034   0.5584)
            (  3.9875  19.9631   0.4504)
            (  3.6197  19.5517   0.2764)
            (  3.2586  18.7182   0.0535)
            (  3.2790  18.7017  -0.0437)
            (  4.7207  18.0005   0.2376)
            (  4.8513  17.4350   0.1225)
            (  4.8056  17.2724   0.0915)
            (  4.8455  17.3803   0.1089)
            (  4.7263  17.8497   0.2031)
            (  4.8002  18.2596   0.3501)
            (  4.7969  18.2328   0.3125)
            (  4.5927  19.4174   0.4164)
            (  4.6274  19.1594   0.3501)
            (  4.7504  18.5111   0.3421)
            (  4.4602  20.0681   0.4597)
            (  4.5547  19.6013   0.4194)
            (  4.5403  19.7586   0.4931)
            (  4.4598  20.0109   0.4218)
            (  4.5799  19.1305   0.8480)
            (  4.5667  19.5158   0.7731)
            (  4.4505  19.9847   0.6977)
            (  4.3078  20.6498   0.5807)
            (  4.3207  20.7839   0.5601)
            (  4.4109  20.5726   0.6632)
            (  4.1906  20.4903   0.4217)
            (  4.2052  20.5896   0.4924)
            (  3.9255  20.0994   0.3609)
            (  4.7240  18.5852   0.2916)
            (  4.6257  19.0871   0.2851)
            (  4.6043  19.0103   0.2724)
            (  4.6998  18.9290   0.4665)
            (  3.6701  19.6696   0.1704)
            (  3.2168  18.6108  -0.1291)
            (  3.1569  18.5229  -0.2141)
            (  4.7428  18.0719   0.2572)
            (  4.7840  17.8913   0.2203)
            (  4.7976  17.9213   0.2291)
            (  4.7900  18.3829   0.4063)
            (  4.8096  17.9528   0.2381)
            (  4.8204  17.9827   0.2533)
            (  4.7802  18.1615   0.2830)
            (  4.7047  18.8681   0.4381)
            (  4.7021  18.8386   0.4038)
            (  4.7528  18.5813   0.4083)
            (  4.6879  18.9686   0.8767)
            (  4.6987  18.9983   0.8656)
            (  4.7614  18.9746   0.8498)
            (  4.4603  19.8254   0.7225)
            (  4.5722  19.4293   0.7830)
            (  4.5229  19.4033   0.8013)
            (  4.8698  17.1779   0.0678)
            (  4.9054  16.6248   0.2501)
            (  4.8643  17.0757   0.0769)
            (  4.5815  18.9325   0.2639)
            (  4.5593  18.8517   0.2555)
            (  4.6570  18.3530   0.2622)
            (  4.5790  19.5741   0.4910)
            (  4.6557  19.1585   0.4672)
            (  4.6496  19.2240   0.4943)
            (  4.5855  19.5195   0.4712)
            (  4.2814  20.5338   0.4231)
            (  4.3160  20.3445   0.3601)
            (  4.4299  20.1294   0.4209)
            (  3.9102  19.9257   0.2258)
            (  4.1356  20.3105   0.3237)
            (  4.1885  20.4624   0.3998)
            (  4.3823  20.5947   0.5978)
            (  4.3012  20.6836   0.5027)
            (  4.3497  20.6180   0.5283)
            (  4.3545  20.6522   0.5627)
            (  4.8509  17.5104   0.1400)
            (  4.8188  17.6626   0.1714)
            (  4.8065  17.6250   0.1610)
            (  4.8266  17.7799   0.1999)
            (  4.8240  17.7186   0.1852)
            (  4.8268  18.1133   0.3502)
            (  4.7975  18.3114   0.3808)
            (  4.7921  18.1954   0.2906)
            (  4.8273  18.0211   0.2869)
            (  4.8285  18.0670   0.3194)
            (  4.4874  20.0029   0.4894)
            (  4.4567  20.1226   0.4860)
            (  4.5169  19.8533   0.4804)
            (  4.5180  19.8125   0.4512)
            (  4.5499  19.6907   0.4743)
            (  4.6348  19.0919   0.8428)
            (  4.6007  19.2271   0.8211)
            (  4.5559  19.7078   0.7683)
            (  4.5479  19.7931   0.7639)
            (  4.5330  19.6616   0.7514)
            (  4.3784  20.6798   0.6451)
            (  4.3827  20.6568   0.6387)
            (  4.2019  20.5319   0.4458)
            (  4.0770  20.3207   0.3938)
            (  4.0726  20.2881   0.3703)
            (  4.3889  20.2664   0.6582)
            (  4.3137  20.4609   0.6031)
            (  4.3133  20.5893   0.5926)
            (  4.5040  19.9821   0.7356)
            (  4.5082  19.8858   0.7371)
            (  4.4538  20.1086   0.7018)
            (  4.3705  20.6597   0.6267)
            (  4.3778  20.6675   0.6400)
            (  4.4045  20.5192   0.6729)
            (  4.3977  20.3055   0.4509)
            (  4.4232  20.2423   0.4764)
            (  4.2707  20.4857   0.3949)
            (  4.3700  20.3687   0.4201)
            (  4.3647  20.4240   0.4419)
            (  4.6361  18.2664   0.2539)
            (  4.5376  18.7688   0.2471)
            (  4.5159  18.6857   0.2386)
            (  4.2097  19.6677   0.0700)
            (  3.7352  19.8682  -0.1415)
            (  3.6406  19.8340  -0.1502)
            (  4.3566  19.8739   0.1748)
            (  3.9350  20.1197   0.1039)
            (  3.8686  20.0717  -0.0118)
            (  4.4189  20.0721   0.3553)
            (  4.2965  20.2454   0.3035)
            (  4.2766  20.1468   0.2468)
            (  4.4093  20.2863   0.6729)
            (  4.3669  20.4569   0.6454)
            (  4.3648  20.5329   0.6450)
            (  3.7070  19.7262   0.2665)
            (  3.4841  19.3806   0.1673)
            (  3.4913  19.3320   0.1098)
            (  3.6896  19.1483   0.3674)
            (  3.3623  18.4569   0.1868)
            (  3.2540  18.5307   0.1137)
            (  4.4908  19.5958   0.2343)
            (  4.5477  19.4742   0.3032)
            (  4.5424  19.5930   0.3661)
            (  3.9372  20.1676   0.4087)
            (  4.1589  20.5473   0.5046)
            (  4.1832  20.4432   0.5251)
            (  3.9660  20.1063   0.3244)
            (  3.9699  20.1378   0.3476)
            (  3.8623  19.9540   0.3012)
            (  4.3023  20.2449   0.6461)
            (  4.3178  20.3570   0.6267)
            (  4.3790  20.1538   0.6695)
            (  4.7634  17.8137   0.1995)
            (  4.7734  17.8536   0.2101)
            (  4.7315  18.0369   0.2475)
            (  4.8179  17.3233   0.0920)
            (  4.7746  17.5124   0.1305)
            (  4.7626  17.4796   0.1213)
            (  4.7970  17.5832   0.1500)
            (  4.7860  17.5467   0.1400)
            (  4.8295  17.3568   0.1013)
            (  4.5974  19.3618   0.3898)
            (  4.6530  19.0896   0.4005)
            (  4.6529  19.1303   0.4328)
            (  4.7510  18.5487   0.3745)
            (  4.7020  18.7990   0.3713)
            (  4.7013  18.7617   0.3389)
            (  4.5519  19.6470   0.4463)
            (  4.5207  19.7674   0.4243)
            (  4.5236  19.7133   0.3951)
            (  4.4622  19.9522   0.3900)
            (  4.4898  19.8926   0.4231)
            (  4.4908  19.9508   0.4633)
            (  4.5876  19.1818   0.8346)
            (  4.6360  19.0014   0.8627)
            (  4.6210  18.9639   0.8749)
            (  4.4514  20.0499   0.6992)
            (  4.4972  19.8713   0.7291)
            (  4.4979  19.8078   0.7287)
            (  4.3105  20.7185   0.5771)
            (  4.3456  20.7340   0.6002)
            (  4.3443  20.7211   0.5937)
            (  4.3495  20.7220   0.5949)
            (  4.3472  20.7460   0.6070)
            (  4.3179  20.7912   0.5762)
            (  4.0934  20.3986   0.4440)
            (  4.0861  20.3611   0.4193)
            (  4.2140  20.5763   0.4716)
            (  4.5662  19.3737   0.7969)
            (  4.5157  19.5590   0.7682)
            (  4.5236  19.6105   0.7546)
            (  4.4300  20.1861   0.4577)
            (  4.3992  20.2493   0.4187)
            (  4.4016  20.1901   0.3867)
            (  4.0758  20.2694   0.3507)
            (  4.0780  20.2489   0.3307)
            (  4.1768  20.4893   0.3777)
            (  2.8643  17.3745  -0.1118)
            (  2.4055  15.9144  -0.2773)
            (  2.3108  15.9119  -0.3579)
            (  4.5269  19.2600   0.1618)
            (  4.5526  19.3562   0.2398)
            (  4.4959  19.4777   0.1711)
            (  4.2079  20.3397   0.5457)
            (  4.2326  20.2368   0.5663)
            (  4.0121  19.8598   0.4710)
            (  3.4993  19.2860   0.0531)
            (  3.5078  19.2416  -0.0032)
            (  3.6458  19.6807   0.1199)
            (  2.8593  17.1875  -0.2228)
            (  2.2277  15.9436  -0.4785)
            (  2.1450  15.9764  -0.5989)
        );
    }
