/*--------------------------------*- C++ -*----------------------------------*\ 
| =========                 |                                                 |
| \\      /  F ield         | OpenFOAM: The Open Source CFD Toolbox           |
|  \\    /   O peration     | Version:  6                                     |
|   \\  /    A nd           | Web:      www.OpenFOAM.org                      |
|    \\/     M anipulation  |                                                 |
\*---------------------------------------------------------------------------*/
            lateral04
    {
        type            freestream;        freestreamValue nonuniform List<vector>
        268
        (
            (  4.4202  13.5701   0.4728)
            (  3.6610  12.7087   0.8020)
            (  2.0948  11.4942   1.1943)
            (  0.5834  10.2438   1.4778)
            ( -0.3346   9.4754   1.6841)
            ( -0.3341   8.9116   1.7754)
            (  0.2910   8.3704   1.7419)
            (  0.8641   7.7853   1.5965)
            (  1.9208   7.8442   1.3679)
            (  2.9101   7.9376   1.1368)
            (  3.8813   8.0363   0.9318)
            (  4.2510   7.8475   0.7223)
            (  4.4604   7.6613   0.5401)
            (  4.2836   7.5259   0.4082)
            (  3.9559   7.7357   0.3367)
            (  4.2562  13.3822   0.0256)
            (  4.1209  13.8036   0.4335)
            (  2.9836  12.9678   0.9075)
            (  1.7024  11.7966   1.2513)
            (  0.1950  10.6937   1.5225)
            ( -0.6499  10.0961   1.6778)
            ( -0.2485   9.3349   1.7052)
            (  0.6053   8.5924   1.5747)
            (  1.2869   7.9241   1.4455)
            (  2.1054   7.8267   1.2315)
            (  2.9604   7.8833   1.0028)
            (  3.8826   7.9631   0.7804)
            (  4.1752   7.8348   0.6395)
            (  4.3188   7.7714   0.4551)
            (  4.0851   7.7060   0.3972)
            (  3.7200   8.1149   0.3641)
            (  3.7999  13.5500  -0.0838)
            (  3.8793  14.1137   0.3185)
            (  2.6174  13.3645   0.9322)
            (  1.2878  12.0219   1.3045)
            ( -0.1977  11.1160   1.5622)
            ( -0.9567  10.6818   1.6350)
            ( -0.3079   9.8345   1.5201)
            (  0.8026   8.9594   1.3862)
            (  1.7549   8.0574   1.2734)
            (  2.3285   7.8073   1.0559)
            (  3.0964   7.8612   0.7437)
            (  3.8553   7.8713   0.6195)
            (  4.0850   7.8291   0.4932)
            (  4.1708   7.8027   0.3485)
            (  3.8513   7.9442   0.3925)
            (  3.5073   8.4160   0.3249)
            (  3.5409  14.0365  -0.2587)
            (  3.5933  14.4140   0.2508)
            (  2.3396  13.6803   0.8572)
            (  0.9496  12.3902   1.2115)
            ( -0.5027  11.5481   1.4544)
            ( -1.2367  11.1703   1.5500)
            ( -0.4750  10.3508   1.4406)
            (  0.9984   9.2119   1.2458)
            (  2.1113   8.1324   0.9853)
            (  2.6816   7.8998   0.8113)
            (  3.2424   7.8380   0.5847)
            (  3.8608   7.8559   0.3771)
            (  4.0464   7.7943   0.3143)
            (  4.0108   7.8716   0.2535)
            (  3.7209   8.1041   0.2317)
            (  3.2883   8.7122   0.2966)
            (  3.2541  14.3941   0.0327)
            (  3.2748  14.5384   0.3570)
            (  1.9001  13.8791   0.8091)
            (  0.6067  13.2109   1.1716)
            ( -0.7727  12.7266   1.4018)
            ( -1.2429  11.7861   1.4548)
            ( -0.4316  10.5836   1.3892)
            (  1.1702   9.0528   1.1994)
            (  2.2341   8.0343   0.9526)
            (  2.7955   7.8260   0.7275)
            (  3.2704   7.8941   0.6125)
            (  3.7927   7.8918   0.4244)
            (  3.9469   7.8580   0.2797)
            (  3.8133   8.0329   0.2328)
            (  3.5137   8.4075   0.1347)
            (  3.1030   9.0362   0.2212)
            (  4.4962  13.6310   0.4229)
            (  4.3787  13.8510   0.3249)
            (  4.2971  13.3024   0.0356)
            (  4.3041  13.9297   0.3144)
            (  4.0873  14.1658   0.2726)
            (  3.8342  13.4743  -0.0754)
            (  3.2109  12.8763  -0.2635)
            (  4.0424  14.2469   0.2192)
            (  3.8430  14.4722   0.1122)
            (  3.6398  13.9677  -0.2277)
            (  3.1984  13.1069  -0.2731)
            (  2.9028  13.4399  -0.0454)
            (  3.7411  14.6044   0.0126)
            (  3.6043  14.7271   0.1612)
            (  3.3152  14.2780  -0.0685)
            (  2.8766  13.5150   0.0053)
            (  3.0309  14.3635  -0.0461)
            (  4.5205  13.6003   0.1712)
            (  4.0440  13.1417   0.6451)
            (  3.9434  13.2557   0.6279)
            (  4.2745  13.6573   0.4570)
            (  4.3624  13.8069   0.1522)
            (  4.2348  13.9307   0.1227)
            (  4.0451  13.3199  -0.0246)
            (  3.9927  14.0947   0.0493)
            (  3.9196  14.1713   0.0106)
            (  3.6863  13.7328  -0.1442)
            (  3.4696  14.8469   0.3363)
            (  3.3197  14.9519   0.4865)
            (  3.0752  14.7452   0.3373)
            (  4.4689  13.6963   0.3361)
            (  4.5399  13.7401   0.2163)
            (  4.5080  13.6211   0.1709)
            (  4.4046  13.7620   0.1610)
            (  3.9726  13.2974  -0.0418)
            (  4.1923  13.9719   0.1129)
            (  4.0779  14.0126   0.0691)
            (  3.4037  12.8172  -0.1807)
            (  3.3416  12.7245  -0.2165)
            (  3.0122  13.1512  -0.2481)
            (  2.1612  11.6385  -0.3210)
            (  2.9870  13.2290  -0.1973)
            (  2.9451  13.8830  -0.0180)
            (  2.3295  12.4173  -0.3183)
            (  2.2103  11.8275  -0.3354)
            (  2.3087  13.0092  -0.1585)
            (  2.3317  12.5708  -0.2787)
            (  2.9793  14.0203  -0.0366)
            (  4.3280  13.5493   0.0725)
            (  4.2852  13.5899   0.0624)
            (  4.1956  13.3959   0.0111)
            (  4.0132  13.8547  -0.0940)
            (  3.9614  13.8837  -0.1110)
            (  3.7487  13.5884  -0.0961)
            (  3.7163  14.4007  -0.1490)
            (  3.6239  14.4624  -0.1486)
            (  3.4459  14.0924  -0.2599)
            (  4.3156  13.1341   0.0406)
            (  4.4133  13.4189   0.0805)
            (  4.3697  13.4997   0.0799)
            (  3.8814  13.4247  -0.0640)
            (  4.1110  13.7832  -0.0636)
            (  4.0635  13.8215  -0.0780)
            (  3.5428  12.8886  -0.1397)
            (  2.9466  12.2182  -0.2709)
            (  3.2596  12.8089  -0.2521)
            (  3.6269  13.7590  -0.1560)
            (  3.8661  14.2493  -0.0542)
            (  3.8107  14.3310  -0.1146)
            (  3.1271  13.1060  -0.2890)
            (  2.7902  12.2324  -0.2967)
            (  2.8930  12.2948  -0.2835)
            (  4.1201  13.3579  -0.0068)
            (  4.2575  13.6244   0.0288)
            (  4.2330  13.6591  -0.0088)
            (  4.5778  13.7201   0.3426)
            (  4.5663  13.7414   0.3133)
            (  4.4533  13.3698   0.0872)
            (  4.2022  13.6981  -0.0374)
            (  4.1564  13.7399  -0.0507)
            (  3.9224  13.3491  -0.0540)
            (  3.4782  12.9013  -0.1553)
            (  3.2944  12.7333  -0.2402)
            (  2.6344  12.1555  -0.2611)
            (  2.6882  12.1629  -0.3073)
            (  3.0465  13.0976  -0.2984)
            (  2.4475  11.9533  -0.3362)
            (  2.4527  12.0641  -0.3411)
            (  2.4652  11.7752  -0.3242)
            (  2.4655  11.8765  -0.3294)
            (  2.3117  12.2345  -0.3540)
            (  2.5249  12.4950  -0.3379)
            (  2.5318  12.6549  -0.2980)
            (  2.4914  12.2283  -0.3434)
            (  2.5083  12.3555  -0.3473)
            (  2.2502  12.0054  -0.3489)
            (  2.3270  12.8683  -0.1999)
            (  2.5398  13.1195  -0.1795)
            (  2.5326  13.2637  -0.1409)
            (  2.5375  12.8134  -0.2581)
            (  2.5402  12.9683  -0.2187)
            (  2.3304  12.7202  -0.2394)
            (  4.3196  13.4343   0.5418)
            (  4.2657  13.4572   0.5007)
            (  4.3797  13.6026   0.4213)
            (  3.7906  13.4200   0.6262)
            (  3.6373  13.5839   0.6247)
            (  3.9977  13.9577   0.3784)
            (  3.4841  13.7479   0.6232)
            (  3.3524  13.9119   0.5920)
            (  3.7361  14.2637   0.2848)
            (  3.2618  14.0756   0.5021)
            (  3.0787  14.1159   0.4711)
            (  3.4441  14.5179   0.3600)
            (  3.4126  14.6247   0.1124)
            (  3.3436  14.6819   0.2003)
            (  3.1944  14.5112   0.1345)
            (  4.4765  13.6478   0.3966)
            (  4.5200  13.6938   0.3547)
            (  4.5391  13.6762   0.3817)
            (  4.4558  13.9343   0.2315)
            (  4.5328  13.8609   0.2474)
            (  4.4459  13.7707   0.3330)
            (  4.2294  14.0082   0.3040)
            (  4.3459  14.0916   0.1424)
            (  4.4095  14.0157   0.1800)
            (  4.1883  14.2342   0.0933)
            (  4.2671  14.1630   0.1176)
            (  4.1547  14.0867   0.2936)
            (  3.9984  14.3284   0.1647)
            (  4.0312  14.3776   0.0423)
            (  4.1095  14.3057   0.0683)
            (  2.5474  12.5154  -0.0532)
            (  2.5825  12.4642  -0.1035)
            (  2.9316  13.3717  -0.0960)
            (  3.3769  14.1622  -0.1696)
            (  3.5528  14.5149  -0.0621)
            (  3.4824  14.5692   0.0249)
            (  2.8866  13.6217   0.0103)
            (  2.5576  12.7063  -0.0413)
            (  2.5249  12.5877  -0.0118)
            (  2.7265  13.4851  -0.1217)
            (  2.6997  13.3643  -0.1005)
            (  3.0242  14.2632  -0.0525)
            (  4.3200  13.8495   0.1428)
            (  4.3022  13.7161   0.1015)
            (  4.3447  13.6738   0.1111)
            (  4.2165  13.7932   0.0802)
            (  4.2593  13.7549   0.0909)
            (  4.2773  13.8904   0.1328)
            (  3.7644  13.7158  -0.1420)
            (  3.9087  13.9112  -0.1286)
            (  3.8562  13.9386  -0.1461)
            (  3.1352  14.6288   0.2366)
            (  3.2749  14.7399   0.2886)
            (  3.2122  14.8380   0.3851)
            (  4.5555  13.7217   0.2458)
            (  4.5527  13.7612   0.2846)
            (  4.5258  13.7748   0.2592)
            (  4.4888  13.6741   0.1790)
            (  4.4726  13.5059   0.1299)
            (  4.4888  13.4815   0.1277)
            (  4.3867  13.6268   0.1193)
            (  4.4283  13.5753   0.1261)
            (  4.4467  13.7164   0.1696)
            (  4.1500  14.0143   0.1035)
            (  4.1319  13.8774   0.0612)
            (  4.1740  13.8339   0.0703)
            (  2.9611  13.3052  -0.1466)
            (  2.6212  12.4222  -0.1537)
            (  2.6125  12.2397  -0.2111)
            (  2.6135  12.9719  -0.0614)
            (  2.5869  12.8349  -0.0569)
            (  2.9118  13.7469  -0.0002)
            (  3.0065  14.1482  -0.0489)
            (  2.6688  13.2401  -0.0785)
            (  2.6403  13.1086  -0.0664)
            (  3.8050  13.9686  -0.1628)
            (  3.7556  14.0028  -0.1783)
            (  3.5979  13.8010  -0.1843)
            (  3.1754  12.3284   0.9718)
            (  3.0161  12.4727   0.9645)
            (  3.5081  12.8578   0.7959)
            (  2.8847  14.1374   0.4493)
            (  2.7048  14.2429   0.5245)
            (  3.1054  14.5603   0.3572)
            (  3.8745  14.5211  -0.0094)
            (  3.9529  14.4494   0.0163)
            (  3.9214  14.4005   0.1378)
        );
    }
