/*--------------------------------*- C++ -*----------------------------------*\ 
| =========                 |                                                 |
| \\      /  F ield         | OpenFOAM: The Open Source CFD Toolbox           |
|  \\    /   O peration     | Version:  6                                     |
|   \\  /    A nd           | Web:      www.OpenFOAM.org                      |
|    \\/     M anipulation  |                                                 |
\*---------------------------------------------------------------------------*/
            lateral01
    {
        type            freestream;        freestreamValue nonuniform List<vector>
        309
        (
            (  5.8093  15.2162   0.5198)
            (  5.8236  15.1714   0.4257)
            (  5.7654  15.1946   0.3939)
            (  5.7559  15.1008   0.3066)
            (  5.5287  15.1161   0.3016)
            (  5.1983  15.6361   0.6869)
            (  4.9876  15.5668   0.5567)
            (  4.7979  15.3701   0.3348)
            (  4.5327  15.3535   0.2763)
            (  4.2380  15.4008   0.2809)
            (  4.3081  16.4907   0.6443)
            (  4.1393  16.4543   0.4773)
            (  4.0167  16.3176   0.2546)
            (  3.6644  16.6540   0.0785)
            (  3.3729  16.5386  -0.0092)
            (  3.5977  18.2018   0.5353)
            (  3.4773  18.0890   0.3640)
            (  3.3452  18.0430   0.1730)
            (  3.2039  17.9152   0.0736)
            (  3.0803  17.7897  -0.0968)
            (  3.3032  19.2908   0.4433)
            (  3.1662  19.1259   0.2975)
            (  2.8706  19.0250   0.1717)
            (  2.7220  18.8737   0.0451)
            (  2.5368  18.7379  -0.2113)
            (  2.7271  18.7458   0.2111)
            (  2.5165  18.7355   0.1505)
            (  2.2647  18.6182   0.0483)
            (  2.0596  18.6444  -0.2697)
            (  1.9947  18.5421  -0.4242)
            (  2.5230  16.5563  -0.0380)
            (  2.3256  16.4486  -0.0481)
            (  2.0535  16.3493  -0.0610)
            (  1.8344  16.3500  -0.2724)
            (  1.6171  16.3611  -0.5067)
            (  1.9151  13.7535  -0.5211)
            (  1.9225  13.5443  -0.4529)
            (  1.9847  13.4088  -0.3527)
            (  1.9387  13.1912  -0.3917)
            (  1.7618  12.9168  -0.4850)
            (  2.2820  10.4636  -0.5757)
            (  2.2653   9.8119  -0.4940)
            (  2.3255   9.4963  -0.4052)
            (  2.1023   9.0296  -0.4969)
            (  2.0166   8.7504  -0.5756)
            (  3.0583   8.7279  -0.6213)
            (  3.1141   8.1144  -0.5100)
            (  3.1256   7.5628  -0.3572)
            (  3.2454   7.0094  -0.3879)
            (  3.4003   6.4206  -0.4522)
            (  4.0732   8.1621  -0.4314)
            (  4.3475   7.3201  -0.2973)
            (  4.4643   6.5953  -0.2433)
            (  4.5992   5.9480  -0.3019)
            (  4.6659   5.5785  -0.3991)
            (  3.9699   7.8027  -0.3012)
            (  4.1180   7.2656  -0.2515)
            (  4.2969   6.4644  -0.1214)
            (  4.3713   6.0632  -0.2237)
            (  4.4419   5.6805  -0.3380)
            (  3.8941   7.1373  -0.1300)
            (  3.9767   6.7484  -0.0833)
            (  4.0305   6.3534  -0.0087)
            (  4.1028   6.2653  -0.2352)
            (  4.1550   6.1877  -0.4616)
            (  3.5770   8.1355  -0.0267)
            (  3.7678   7.9584  -0.0797)
            (  3.8339   7.5590  -0.0061)
            (  3.8256   7.5293  -0.2093)
            (  3.8112   7.5140  -0.4307)
            (  2.9850   8.8353  -0.0082)
            (  3.2372   8.8306  -0.0296)
            (  3.5406   8.8587  -0.0055)
            (  3.5334   8.8228  -0.3170)
            (  3.5085   8.7052  -0.6228)
            (  3.1816   9.8822   0.0368)
            (  3.2603  10.1546  -0.0917)
            (  3.5681  10.2689  -0.0704)
            (  3.5560  10.0738  -0.3239)
            (  3.5222   9.7806  -0.6000)
            (  3.2621  10.0913  -0.0073)
            (  3.3729  10.3562  -0.0830)
            (  3.5314  10.5890  -0.1080)
            (  3.4606  10.8385  -0.4377)
            (  3.3709  11.0467  -0.7574)
            (  5.7131  15.1640   0.4698)
            (  5.7716  15.1276   0.4847)
            (  5.7554  15.0635   0.2759)
            (  5.5934  15.2218   0.3385)
            (  5.7363  15.0793   0.2826)
            (  5.3608  15.3457   0.3847)
            (  5.5846  15.2002   0.3350)
            (  5.8437  15.1662   0.4238)
            (  5.3454  15.2283   0.4905)
            (  5.4440  15.4043   0.6191)
            (  5.7552  15.2053   0.4126)
            (  5.1320  15.2352   0.4177)
            (  5.2871  15.2367   0.4758)
            (  5.7695  15.1018   0.3020)
            (  5.0052  15.0266   0.2503)
            (  5.1100  15.1894   0.3745)
            (  5.6167  15.0697   0.2882)
            (  4.9504  15.0368   0.2347)
            (  4.9529  14.9612   0.2114)
            (  5.2743  15.2597   0.3442)
            (  4.5547  15.1574   0.2290)
            (  4.8682  15.0597   0.2389)
            (  5.8262  15.2381   0.3500)
            (  5.8515  15.1901   0.4668)
            (  5.8608  15.4677   0.6181)
            (  5.8977  15.4552   0.6144)
            (  5.8439  15.1872   0.4039)
            (  5.6568  15.1933   0.4205)
            (  5.7011  15.3564   0.5402)
            (  5.7961  15.1719   0.3443)
            (  5.5179  15.1353   0.3154)
            (  5.5802  15.1085   0.3273)
            (  4.9971  15.3436   0.4515)
            (  4.3997  15.8480   0.3722)
            (  4.4977  15.8799   0.4547)
            (  5.7405  15.1489   0.4749)
            (  5.7500  15.1437   0.4767)
            (  5.7970  15.1128   0.2983)
            (  5.7922  15.1281   0.3158)
            (  5.7379  15.2535   0.3602)
            (  5.8504  15.2047   0.3432)
            (  5.6316  15.1913   0.3253)
            (  5.6652  15.3610   0.3817)
            (  5.5851  15.3798   0.3916)
            (  5.6980  15.3427   0.3749)
            (  5.6797  15.1244   0.3022)
            (  5.4845  15.2723   0.3626)
            (  5.5444  15.3990   0.3980)
            (  5.5251  15.2470   0.3548)
            (  5.7147  15.4089   0.5791)
            (  5.7592  15.4827   0.6383)
            (  5.8646  15.1791   0.4482)
            (  5.5994  15.0991   0.3310)
            (  5.6452  15.1445   0.3838)
            (  5.8288  15.1924   0.4040)
            (  5.5147  15.2078   0.3387)
            (  5.5679  15.1766   0.3293)
            (  5.8065  15.1680   0.3299)
            (  5.0735  15.2943   0.3457)
            (  5.1194  15.3297   0.3631)
            (  5.3579  15.2115   0.3298)
            (  5.8241  15.2096   0.5030)
            (  5.8568  15.3061   0.5438)
            (  5.8431  15.3158   0.5619)
            (  5.8300  15.1765   0.4187)
            (  5.9609  15.2131   0.3929)
            (  5.9474  15.2228   0.4109)
            (  5.7756  15.1856   0.3762)
            (  5.8616  15.2192   0.3677)
            (  5.8858  15.2144   0.3645)
            (  5.7316  15.0601   0.2901)
            (  5.3998  15.2684   0.3560)
            (  5.4579  15.2382   0.3474)
            (  5.4418  15.1629   0.3153)
            (  5.1660  15.3653   0.3806)
            (  5.2179  15.3572   0.3805)
            (  5.0886  15.6247   0.6422)
            (  4.6022  15.8369   0.5156)
            (  4.7040  15.9098   0.6018)
            (  4.6823  15.3223   0.2704)
            (  4.2175  15.6381   0.1593)
            (  4.3080  15.7462   0.2694)
            (  5.7302  15.1592   0.4687)
            (  5.7724  15.1333   0.4790)
            (  5.7720  15.0579   0.2729)
            (  5.7388  15.1236   0.2923)
            (  5.7169  15.1495   0.3017)
            (  5.6962  15.1712   0.3101)
            (  5.6781  15.1836   0.3159)
            (  5.7174  15.0944   0.2892)
            (  5.4042  15.3228   0.3782)
            (  5.4295  15.3873   0.4031)
            (  5.4132  15.3969   0.4081)
            (  5.9352  15.2367   0.4307)
            (  5.9231  15.2515   0.4510)
            (  5.8876  15.1607   0.4142)
            (  5.8929  15.2221   0.3741)
            (  5.9010  15.2285   0.3827)
            (  5.7848  15.2027   0.4091)
            (  5.1705  15.2555   0.4475)
            (  5.3803  15.1486   0.3778)
            (  5.3473  15.1211   0.3441)
            (  5.4604  15.1890   0.4370)
            (  5.4175  15.1718   0.4091)
            (  5.2288  15.2454   0.4614)
            (  5.8838  15.2856   0.5072)
            (  5.8705  15.2965   0.5258)
            (  5.8383  15.2014   0.4855)
            (  5.9443  15.2244   0.3891)
            (  5.9685  15.2109   0.3812)
            (  5.8423  15.1819   0.4095)
            (  5.8206  15.2294   0.3718)
            (  5.8407  15.2243   0.3699)
            (  5.7856  15.1773   0.3594)
            (  5.7356  15.1541   0.4716)
            (  5.7635  15.1386   0.4770)
            (  5.7842  15.0818   0.2834)
            (  5.7970  15.2182   0.3499)
            (  5.8104  15.1280   0.3466)
            (  5.7867  15.0935   0.3379)
            (  5.8482  15.1919   0.3416)
            (  5.7094  15.2491   0.3394)
            (  5.7265  15.2218   0.3292)
            (  5.6431  15.2851   0.3525)
            (  5.6839  15.2710   0.3475)
            (  5.7242  15.3220   0.3673)
            (  5.4679  15.3528   0.3889)
            (  5.4471  15.3736   0.3970)
            (  5.4449  15.2981   0.3706)
            (  5.4474  15.4060   0.4043)
            (  5.4913  15.3818   0.3916)
            (  5.5046  15.3768   0.3883)
            (  5.4634  15.3942   0.3990)
            (  5.4774  15.3891   0.3956)
            (  5.5475  15.2292   0.3477)
            (  5.5127  15.3077   0.3713)
            (  5.4927  15.3256   0.3786)
            (  5.8783  15.1696   0.4303)
            (  5.9102  15.2635   0.4700)
            (  5.8970  15.2745   0.4886)
            (  5.8087  15.1976   0.4059)
            (  5.9139  15.2290   0.3863)
            (  5.9279  15.2281   0.3889)
            (  4.3812  15.3861   0.2818)
            (  3.9979  15.5191   0.0559)
            (  4.1189  15.5477   0.0706)
            (  4.1173  15.3367   0.2305)
            (  3.7538  15.5700   0.0549)
            (  3.8764  15.4946   0.0421)
            (  5.5483  15.2821   0.3596)
            (  5.5312  15.2935   0.3650)
            (  5.5662  15.2142   0.3412)
            (  5.3885  15.2599   0.5220)
            (  5.5432  15.2268   0.4948)
            (  5.5026  15.2070   0.4654)
            (  5.6031  15.3896   0.6236)
            (  5.5771  15.2869   0.5471)
            (  5.4163  15.3320   0.5705)
            (  5.7635  15.1736   0.3399)
            (  5.7893  15.1845   0.3460)
            (  5.7817  15.1224   0.3104)
            (  5.0571  15.0920   0.2893)
            (  5.2358  15.0823   0.2707)
            (  5.1973  15.0971   0.2743)
            (  5.3145  15.0934   0.3104)
            (  5.2802  15.0672   0.2775)
            (  5.0878  15.1435   0.3313)
            (  5.2797  15.3279   0.3726)
            (  5.3404  15.2983   0.3644)
            (  5.7039  15.0224   0.2744)
            (  5.6708  15.2463   0.4596)
            (  5.8059  15.4118   0.5473)
            (  5.7858  15.4202   0.5510)
            (  5.8479  15.3927   0.5381)
            (  5.8281  15.4008   0.5415)
            (  5.6863  15.3020   0.5003)
            (  5.5391  15.1265   0.3195)
            (  5.7050  15.1737   0.3488)
            (  5.6836  15.1824   0.3447)
            (  5.7375  15.1995   0.3815)
            (  5.7260  15.1648   0.3528)
            (  5.5601  15.1176   0.3235)
            (  5.6450  15.3622   0.3837)
            (  5.5765  15.3246   0.3669)
            (  5.6091  15.3042   0.3594)
            (  5.5283  15.3547   0.3794)
            (  5.5459  15.3429   0.3738)
            (  5.6131  15.3731   0.3881)
            (  5.6985  15.1095   0.2957)
            (  5.6597  15.1978   0.3221)
            (  5.6417  15.2106   0.3280)
            (  5.7276  15.4600   0.6172)
            (  5.8801  15.3859   0.5390)
            (  5.8646  15.3886   0.5379)
            (  5.9142  15.3769   0.5381)
            (  5.8968  15.3819   0.5389)
            (  5.7426  15.4813   0.6346)
            (  5.6186  15.0897   0.3347)
            (  5.7539  15.2847   0.4477)
            (  5.7456  15.2418   0.4144)
            (  5.7737  15.3760   0.5175)
            (  5.7636  15.3300   0.4824)
            (  5.6349  15.0983   0.3485)
            (  5.7939  15.1443   0.3197)
            (  5.8034  15.2050   0.3548)
            (  5.8158  15.2274   0.3644)
            (  5.1584  15.1105   0.2773)
            (  5.1188  15.1232   0.2800)
            (  4.9031  14.9140   0.1822)
            (  4.6236  15.0977   0.2175)
            (  4.9137  15.1810   0.2906)
            (  4.8739  15.1935   0.2932)
            (  4.7393  15.5454   0.3841)
            (  4.7868  15.5946   0.4395)
            (  5.0493  15.3571   0.4796)
            (  4.2084  16.5042   0.5735)
            (  4.0447  17.2818   0.4968)
            (  4.0989  17.3003   0.5822)
            (  4.0780  16.3862   0.3659)
            (  3.9296  17.2010   0.3085)
            (  3.9979  17.2727   0.4131)
            (  3.9227  16.2755   0.1809)
            (  3.8055  17.0596   0.0734)
            (  3.8597  17.1242   0.2023)
        );
    }
