/*--------------------------------*- C++ -*----------------------------------*\ 
| =========                 |                                                 |
| \\      /  F ield         | OpenFOAM: The Open Source CFD Toolbox           |
|  \\    /   O peration     | Version:  6                                     |
|   \\  /    A nd           | Web:      www.OpenFOAM.org                      |
|    \\/     M anipulation  |                                                 |
\*---------------------------------------------------------------------------*/
            lateral02
    {
        type            freestream;        freestreamValue nonuniform List<vector>
        291
        (
            (  5.1836  15.3259   0.3574)
            (  4.7171  15.5987   0.3803)
            (  3.9658  15.2909   0.1592)
            (  3.4267  15.5398   0.2023)
            (  3.3820  15.6258   0.3335)
            (  3.2159  15.7222   0.4789)
            (  3.1592  15.6216   0.6058)
            (  3.0354  16.5389  -0.0951)
            (  2.7433  16.3815  -0.0731)
            (  2.3870  16.4623   0.1928)
            (  2.0670  16.5020   0.4730)
            (  1.9514  16.2940   0.7207)
            (  2.9389  17.7639  -0.3362)
            (  2.6016  17.7644  -0.3702)
            (  2.0807  17.6353  -0.0441)
            (  1.5802  17.5760   0.3665)
            (  1.0939  17.5306   0.9002)
            (  2.3341  18.6076  -0.4397)
            (  2.0875  18.4566  -0.5422)
            (  1.6202  18.0608  -0.2339)
            (  1.1445  17.6967   0.1015)
            (  0.6370  17.2429   0.6254)
            (  1.7583  18.2104  -0.5323)
            (  1.3984  17.8144  -0.6463)
            (  1.1884  16.8253  -0.4052)
            (  0.9550  15.8646  -0.1364)
            (  0.4865  15.3092   0.4423)
            (  1.4570  16.0560  -0.6294)
            (  1.2565  15.3986  -0.7250)
            (  1.1549  14.4264  -0.5991)
            (  0.9885  13.6444  -0.3427)
            (  0.7116  13.2525   0.2050)
            (  1.4832  12.5505  -0.6368)
            (  1.4398  11.8109  -0.6406)
            (  1.3989  10.9038  -0.4781)
            (  1.4038  10.3955  -0.3037)
            (  1.3848  10.2122   0.0541)
            (  2.1996   8.3954  -0.5765)
            (  2.3025   7.8607  -0.5623)
            (  2.3686   7.7531  -0.4561)
            (  2.4012   7.6041  -0.3317)
            (  2.4176   7.6199  -0.0094)
            (  3.4592   5.9764  -0.5017)
            (  3.4139   5.8237  -0.4738)
            (  3.4556   5.8696  -0.4441)
            (  3.4337   6.1440  -0.5570)
            (  3.3034   6.6106  -0.3779)
            (  4.6571   5.3241  -0.4735)
            (  4.5108   5.3868  -0.5167)
            (  4.4511   5.6794  -0.6035)
            (  4.2946   6.0200  -0.6925)
            (  4.0122   6.5004  -0.5950)
            (  4.4972   5.5975  -0.5215)
            (  4.4692   5.6644  -0.6050)
            (  4.4070   5.9544  -0.8056)
            (  4.3145   6.2998  -1.0121)
            (  4.1468   6.6835  -0.9747)
            (  4.1318   6.0540  -0.6345)
            (  4.1042   6.2034  -0.8080)
            (  4.1032   6.5266  -0.9933)
            (  4.1030   6.8324  -1.2283)
            (  4.0790   7.1044  -1.0665)
            (  3.8000   7.4437  -0.7343)
            (  3.7907   7.4419  -0.9255)
            (  3.8078   7.6102  -1.1967)
            (  3.8007   7.7683  -1.4320)
            (  3.8545   7.9187  -1.3574)
            (  3.4787   8.6273  -0.8574)
            (  3.3576   8.6250  -1.0855)
            (  3.3324   8.6255  -1.3012)
            (  3.3304   8.6898  -1.5420)
            (  3.3568   8.6920  -1.3358)
            (  3.4124   9.9389  -0.9335)
            (  3.2888  10.1957  -1.1697)
            (  3.2122  10.0153  -1.4191)
            (  3.1414   9.7828  -1.6167)
            (  3.0964   9.4805  -1.5081)
            (  3.3223  11.2876  -1.0107)
            (  3.1914  11.4827  -1.2284)
            (  3.0349  11.1849  -1.4319)
            (  2.9048  10.9924  -1.6264)
            (  2.8013  10.7886  -1.4014)
            (  5.3127  15.3764   0.3903)
            (  4.7918  15.5738   0.3823)
            (  4.0923  15.4169   0.2538)
            (  4.4736  15.2311   0.2367)
            (  3.6740  15.5917   0.3704)
            (  3.9581  15.4738   0.2598)
            (  3.4614  15.6571   0.4716)
            (  3.6180  15.6158   0.4116)
            (  3.4200  15.6438   0.5406)
            (  3.4740  15.6879   0.5329)
            (  3.3039  15.5152   0.6340)
            (  3.4043  15.6156   0.5577)
            (  5.0677  15.4391   0.3767)
            (  4.9338  15.2981   0.3316)
            (  5.0203  15.2814   0.3291)
            (  4.5095  15.6680   0.3819)
            (  4.3464  15.5695   0.3609)
            (  4.5487  15.4526   0.3595)
            (  3.9569  15.6047   0.3659)
            (  4.1038  15.5815   0.3537)
            (  3.6413  15.6614   0.3680)
            (  3.7188  15.6741   0.4236)
            (  3.4837  15.5193   0.4414)
            (  3.5422  15.5713   0.4130)
            (  3.2571  15.6982   0.4426)
            (  2.4458  16.0644   0.4819)
            (  2.5917  16.0652   0.3542)
            (  3.1638  15.6639   0.5757)
            (  2.3158  15.9775   0.6820)
            (  2.2999  16.0634   0.6098)
            (  3.1472  15.4944   0.6963)
            (  2.3709  15.7611   0.8462)
            (  2.3429  15.8694   0.7642)
            (  5.0524  15.5121   0.3973)
            (  5.1258  15.4894   0.3999)
            (  4.6147  15.4181   0.3563)
            (  4.8202  15.3282   0.3499)
            (  4.9974  15.4691   0.3768)
            (  4.1532  15.5783   0.3533)
            (  4.2996  15.5725   0.3590)
            (  3.7458  15.6757   0.4469)
            (  3.9047  15.6222   0.3871)
            (  3.5464  15.6520   0.4726)
            (  3.9264  15.6751   0.4243)
            (  3.7622  15.7195   0.4783)
            (  4.0608  15.6239   0.4097)
            (  3.9848  15.6546   0.3934)
            (  3.5824  15.6340   0.4424)
            (  3.5619  15.5889   0.4038)
            (  3.6214  15.6433   0.3769)
            (  3.4361  15.6721   0.5233)
            (  3.6387  15.6912   0.4108)
            (  3.5788  15.6365   0.4378)
            (  3.7358  15.7194   0.4560)
            (  3.6587  15.7095   0.4019)
            (  3.4520  15.6992   0.5076)
            (  3.4650  15.5033   0.4513)
            (  3.3765  15.5598   0.5905)
            (  3.4785  15.5450   0.4823)
            (  3.4158  15.4810   0.5028)
            (  3.5589  15.6184   0.4469)
            (  3.4991  15.5637   0.4739)
            (  3.3897  15.5876   0.5744)
            (  4.6412  15.6233   0.3780)
            (  4.5858  15.5788   0.3569)
            (  4.6585  15.5504   0.3576)
            (  3.4235  15.6017   0.2971)
            (  2.7839  16.0303   0.2067)
            (  3.0304  15.9462   0.0805)
            (  5.3772  15.4195   0.4121)
            (  5.3189  15.4589   0.4160)
            (  5.2638  15.4304   0.3998)
            (  4.7302  15.5216   0.3581)
            (  4.7984  15.4903   0.3573)
            (  4.8615  15.5477   0.3833)
            (  4.2648  15.6365   0.3506)
            (  4.3165  15.6376   0.3522)
            (  3.7494  15.5614   0.3180)
            (  4.0843  15.5786   0.3792)
            (  4.0092  15.6089   0.4317)
            (  4.4588  15.6364   0.3631)
            (  4.5158  15.6094   0.3573)
            (  4.5697  15.6489   0.3766)
            (  4.0049  15.5964   0.3605)
            (  4.0573  15.6084   0.3466)
            (  4.1623  15.6140   0.3496)
            (  4.1080  15.6098   0.3482)
            (  4.0524  15.5947   0.3672)
            (  3.6651  15.6707   0.3772)
            (  3.6920  15.6726   0.4005)
            (  3.5033  15.5368   0.4321)
            (  3.5228  15.5541   0.4226)
            (  4.9838  15.5406   0.3972)
            (  5.1982  15.4660   0.4021)
            (  4.9288  15.5127   0.3813)
            (  4.8634  15.4565   0.3553)
            (  4.9296  15.4230   0.3536)
            (  4.2024  15.5764   0.3552)
            (  4.2631  15.6087   0.3536)
            (  4.2136  15.6137   0.3514)
            (  4.3686  15.6393   0.3538)
            (  4.4168  15.6388   0.3555)
            (  3.7915  15.6646   0.4416)
            (  3.8486  15.6432   0.4140)
            (  3.8536  15.6987   0.4674)
            (  3.7054  15.6892   0.5000)
            (  3.7361  15.6787   0.5026)
            (  3.6499  15.7088   0.4912)
            (  3.6744  15.6998   0.4975)
            (  3.7885  15.7189   0.5000)
            (  3.5817  15.6071   0.3949)
            (  3.6017  15.6254   0.3860)
            (  3.5429  15.6876   0.4832)
            (  3.5730  15.6866   0.4711)
            (  3.5988  15.6548   0.4289)
            (  3.7093  15.7190   0.4336)
            (  3.6281  15.7194   0.4624)
            (  3.6386  15.7140   0.4770)
            (  3.6090  15.7218   0.4431)
            (  3.6181  15.7249   0.4476)
            (  3.6825  15.7181   0.4108)
            (  3.4460  15.4855   0.4592)
            (  3.4541  15.5165   0.4863)
            (  3.3687  15.6812   0.5511)
            (  3.3922  15.6961   0.5425)
            (  3.3350  15.6143   0.5642)
            (  3.3524  15.6474   0.5570)
            (  3.4337  15.4958   0.4927)
            (  3.5391  15.6005   0.4561)
            (  3.4827  15.6894   0.5074)
            (  3.5128  15.6885   0.4953)
            (  3.4224  15.6931   0.5310)
            (  3.4526  15.6909   0.5193)
            (  3.5192  15.5824   0.4652)
            (  3.7047  15.3444   0.1475)
            (  3.3148  15.8117   0.0664)
            (  3.5994  15.6774   0.0523)
            (  3.1751  15.7461   0.5153)
            (  2.8779  15.8203   0.4998)
            (  2.9186  15.7964   0.4634)
            (  3.1554  15.5792   0.6360)
            (  2.8485  15.6754   0.6355)
            (  2.8628  15.6956   0.5903)
            (  4.2260  15.3600   0.2477)
            (  4.5577  15.3770   0.3083)
            (  4.4245  15.4339   0.3144)
            (  4.2889  15.4907   0.3202)
            (  4.1559  15.5478   0.3264)
            (  3.8244  15.5308   0.2659)
            (  3.4793  15.6481   0.4564)
            (  3.5585  15.6826   0.5334)
            (  3.5433  15.6899   0.5358)
            (  3.3124  15.5294   0.6252)
            (  3.3340  15.6082   0.5933)
            (  3.3040  15.6087   0.6055)
            (  4.9981  15.3914   0.3528)
            (  5.0667  15.3602   0.3521)
            (  5.1372  15.4088   0.3764)
            (  4.4056  15.5434   0.3614)
            (  4.4631  15.5738   0.3599)
            (  4.4051  15.6008   0.3594)
            (  4.6086  15.4824   0.3583)
            (  4.5351  15.5275   0.3591)
            (  4.4771  15.4969   0.3607)
            (  2.9597  15.7724   0.4270)
            (  3.0010  15.7484   0.3906)
            (  3.2989  15.6740   0.4062)
            (  2.8672  15.7379   0.5602)
            (  2.8719  15.7801   0.5301)
            (  3.1689  15.7060   0.5456)
            (  2.8055  15.6652   0.7460)
            (  2.8276  15.6697   0.6904)
            (  3.1520  15.5366   0.6662)
            (  4.6795  15.3843   0.3529)
            (  4.7409  15.4220   0.3480)
            (  4.6785  15.4455   0.3552)
            (  4.3604  15.6049   0.3574)
            (  4.3131  15.6075   0.3555)
            (  4.2516  15.5748   0.3571)
            (  4.0317  15.6344   0.4063)
            (  3.8288  15.6423   0.4814)
            (  3.8670  15.6272   0.4553)
            (  3.7642  15.6683   0.5065)
            (  3.7916  15.6575   0.5077)
            (  4.0071  15.6446   0.4004)
            (  3.6188  15.6731   0.4199)
            (  3.5922  15.6934   0.4607)
            (  3.6007  15.7076   0.4519)
            (  3.3405  15.6499   0.3699)
            (  3.0361  15.7292   0.3584)
            (  3.0626  15.7167   0.3317)
            (  2.2269  16.4823   0.3329)
            (  1.8852  17.0869   0.3323)
            (  2.1283  17.1036   0.1514)
            (  1.9936  16.4169   0.5993)
            (  1.5026  17.0016   0.6970)
            (  1.6420  17.0700   0.5132)
            (  1.8303  16.3233   0.9167)
            (  1.3474  16.8165   1.0496)
            (  1.4249  16.9092   0.8733)
            (  4.8048  15.2481   0.2972)
            (  4.6907  15.3200   0.3021)
            (  4.3594  15.3030   0.2416)
            (  3.0890  15.7043   0.3051)
            (  3.1164  15.6918   0.2777)
            (  3.4647  15.5776   0.2607)
            (  2.5471  16.4423   0.0527)
            (  2.4100  17.0787  -0.0343)
            (  2.6963  17.0114  -0.1720)
        );
    }
