/*--------------------------------*- C++ -*----------------------------------*\ 
| =========                 |                                                 |
| \\      /  F ield         | OpenFOAM: The Open Source CFD Toolbox           |
|  \\    /   O peration     | Version:  6                                     |
|   \\  /    A nd           | Web:      www.OpenFOAM.org                      |
|    \\/     M anipulation  |                                                 |
\*---------------------------------------------------------------------------*/
            lateral16
    {
        type            freestream;        freestreamValue nonuniform List<vector>
        328
        (
            (  6.0583  15.4066   0.5916)
            (  5.8969  15.3481   0.5534)
            (  5.7102  15.8323   0.7308)
            (  5.4853  15.7260   0.7517)
            (  5.3419  15.6347   0.7259)
            (  5.0063  16.8884   0.7978)
            (  4.7651  16.7498   0.7225)
            (  4.6049  16.6299   0.7275)
            (  4.4521  16.5233   0.7166)
            (  4.7264  18.8801   0.8384)
            (  4.4646  18.5996   0.7407)
            (  4.1200  18.5670   0.6007)
            (  3.9085  18.4451   0.6345)
            (  3.7107  18.3106   0.6472)
            (  4.2488  20.0738   0.6030)
            (  3.9893  19.8185   0.5140)
            (  3.8059  19.6302   0.4801)
            (  3.6422  19.5990   0.5385)
            (  3.4990  19.3438   0.4943)
            (  3.3222  18.6074   0.2684)
            (  3.0737  18.5122   0.2064)
            (  2.9719  18.6056   0.1737)
            (  2.9483  18.5945   0.1752)
            (  2.8975  18.5867   0.1995)
            (  2.9325  16.3151   0.0466)
            (  2.6798  16.3116  -0.0644)
            (  2.5580  16.2596  -0.1122)
            (  2.6529  16.2764  -0.0785)
            (  2.5944  16.4754  -0.0540)
            (  1.8916  13.8689  -0.4043)
            (  1.7387  13.7359  -0.4577)
            (  1.6619  13.5632  -0.4813)
            (  1.7471  13.5806  -0.4826)
            (  1.8861  13.7428  -0.5273)
            (  2.1732  11.8213  -0.2888)
            (  2.2132  11.4061  -0.3158)
            (  2.0597  11.3403  -0.5187)
            (  2.1966  10.8990  -0.5575)
            (  2.3046  10.7806  -0.6150)
            (  2.2396  10.8801  -0.4162)
            (  2.3515  10.5850  -0.5093)
            (  2.5115  10.0779  -0.5129)
            (  2.7388   9.5846  -0.5341)
            (  2.9241   9.2492  -0.6240)
            (  2.2421   9.9487  -0.3901)
            (  2.7346   9.7558  -0.3653)
            (  3.0602   9.5568  -0.4232)
            (  3.4713   9.2258  -0.4582)
            (  3.8118   8.7795  -0.4846)
            (  2.0420   8.9583  -0.3293)
            (  2.5656   8.9651  -0.3107)
            (  3.0150   8.8361  -0.2938)
            (  3.3109   8.5190  -0.2863)
            (  3.7387   8.1978  -0.3189)
            (  1.8788   8.1606  -0.2910)
            (  2.4622   8.1263  -0.2659)
            (  2.9745   8.0255  -0.2383)
            (  3.3158   7.7353  -0.2036)
            (  3.6580   7.4462  -0.1682)
            (  1.2708   8.2145  -0.2866)
            (  1.8059   8.3058  -0.2636)
            (  2.5609   8.3657  -0.1711)
            (  2.9599   8.4610  -0.1370)
            (  3.2935   8.2396  -0.0675)
            (  0.9590   7.9171  -0.2513)
            (  1.3172   8.2022  -0.2525)
            (  1.7934   8.5296  -0.1961)
            (  2.1588   8.5971  -0.1714)
            (  2.6527   8.8052  -0.0259)
            (  1.7857   8.8218  -0.2290)
            (  1.9955   9.1257  -0.2284)
            (  2.4121   9.4953  -0.1720)
            (  2.4599   9.6687  -0.1379)
            (  2.8973   9.7128  -0.0017)
            (  2.9587   9.2733  -0.1316)
            (  2.8941   9.4812  -0.1367)
            (  2.8882   9.6659  -0.1302)
            (  2.9292   9.8545  -0.1025)
            (  3.1468   9.9053   0.0258)
            (  5.7708  15.1390   0.4947)
            (  5.7996  15.7529   0.6929)
            (  6.0770  15.4042   0.5936)
            (  5.6952  15.6337   0.6838)
            (  5.8001  15.6400   0.7135)
            (  5.9110  15.3640   0.5557)
            (  5.5652  15.6069   0.6483)
            (  5.6590  15.6387   0.6717)
            (  5.8017  15.2310   0.5337)
            (  5.4636  15.4625   0.6501)
            (  5.5400  15.5707   0.6487)
            (  5.1598  16.7836   0.7580)
            (  5.7377  15.9024   0.7093)
            (  5.0660  16.4998   0.7111)
            (  5.1766  16.6768   0.8116)
            (  5.0443  16.9469   0.8273)
            (  4.7326  18.4168   0.8404)
            (  4.8317  18.6824   0.8914)
            (  6.1575  15.4102   0.6085)
            (  6.2026  15.7023   0.6982)
            (  6.2414  15.7579   0.6648)
            (  5.9878  15.4064   0.5746)
            (  6.0280  15.5174   0.6795)
            (  6.0821  15.5836   0.6867)
            (  5.8529  15.2943   0.5440)
            (  5.8994  15.4684   0.6524)
            (  5.9433  15.4566   0.6590)
            (  5.8118  15.9771   0.6633)
            (  5.6287  16.1104   0.8080)
            (  5.5990  16.2093   0.8141)
            (  5.1282  17.0159   0.8541)
            (  4.9651  17.5985   0.9135)
            (  4.8409  16.8767   0.7778)
            (  4.6604  17.9657   0.7355)
            (  4.7297  18.0744   0.7988)
            (  4.5389  18.7595   0.8079)
            (  4.3182  19.4431   0.7474)
            (  4.4061  19.6822   0.7581)
            (  5.8144  15.2108   0.5140)
            (  6.2058  15.7591   0.6438)
            (  5.8558  15.7826   0.7346)
            (  6.0689  15.7228   0.6477)
            (  5.8764  15.7834   0.7576)
            (  6.1039  15.6067   0.6891)
            (  6.1760  15.6778   0.6960)
            (  6.1387  15.4005   0.6044)
            (  5.9602  15.4573   0.6644)
            (  6.0122  15.4960   0.6770)
            (  5.9603  15.4042   0.5658)
            (  5.8851  15.4830   0.6404)
            (  5.8842  15.4721   0.6502)
            (  5.8381  15.2768   0.5412)
            (  5.5339  16.2943   0.7587)
            (  5.2156  16.8654   0.8318)
            (  5.3085  16.5014   0.6484)
            (  4.9285  17.3752   0.8640)
            (  4.9625  17.4322   0.8955)
            (  5.1343  16.9716   0.8249)
            (  4.9180  17.8510   0.9078)
            (  4.8065  18.5053   0.8935)
            (  6.2107  15.5389   0.6310)
            (  6.0393  15.4089   0.5894)
            (  6.0931  15.4382   0.6326)
            (  6.1134  15.4370   0.6358)
            (  5.8827  15.3317   0.5510)
            (  5.9113  15.4184   0.5881)
            (  5.9252  15.4335   0.5900)
            (  5.8392  16.0255   0.6700)
            (  5.8098  16.0290   0.7739)
            (  5.8155  16.0415   0.8046)
            (  5.5701  15.8063   0.7543)
            (  5.0413  16.2659   0.7005)
            (  5.1127  16.2974   0.7306)
            (  5.4043  15.6432   0.7492)
            (  4.9221  16.2320   0.6288)
            (  4.9876  16.2916   0.6391)
            (  5.2807  15.6348   0.7069)
            (  4.7807  16.0370   0.6538)
            (  4.8514  16.1345   0.6413)
            (  4.6967  18.7968   0.8021)
            (  4.5242  18.9901   0.8629)
            (  4.5730  19.0093   0.8667)
            (  5.7836  15.1690   0.5048)
            (  6.1276  15.4512   0.6360)
            (  6.1416  15.4642   0.6359)
            (  6.0952  15.4015   0.5951)
            (  6.0936  15.7180   0.6705)
            (  6.0237  15.6645   0.7035)
            (  5.7696  15.6242   0.7062)
            (  5.9471  15.4352   0.5949)
            (  5.9702  15.4351   0.6002)
            (  5.9252  15.3801   0.5580)
            (  5.8353  15.3304   0.5758)
            (  5.8436  15.3473   0.5806)
            (  5.8112  15.2518   0.5402)
            (  5.5680  16.0401   0.7749)
            (  5.5986  16.0750   0.7915)
            (  5.7662  15.9713   0.6875)
            (  5.2935  16.4701   0.6420)
            (  5.2296  16.4379   0.6611)
            (  5.1388  16.6202   0.7621)
            (  4.8810  18.4180   0.8973)
            (  4.8731  18.3461   0.8983)
            (  4.8124  18.6545   0.8913)
            (  6.1827  15.4971   0.6335)
            (  6.1965  15.5109   0.6337)
            (  6.2510  15.6783   0.6406)
            (  6.2384  15.6409   0.6560)
            (  6.2437  15.7458   0.6910)
            (  6.0439  15.4370   0.6197)
            (  6.0699  15.4383   0.6273)
            (  6.0156  15.4088   0.5837)
            (  5.8844  15.3902   0.5852)
            (  5.8979  15.4043   0.5867)
            (  5.8686  15.3156   0.5486)
            (  5.7369  16.0999   0.8318)
            (  5.7202  16.0848   0.8238)
            (  5.5814  16.1895   0.8170)
            (  5.0605  17.1021   0.9221)
            (  4.9877  17.5971   0.9143)
            (  5.0241  17.3818   0.9190)
            (  5.0162  17.3303   0.9195)
            (  5.8000  15.1925   0.5104)
            (  6.1469  15.7525   0.6267)
            (  6.0029  15.7268   0.6051)
            (  5.8983  15.7015   0.6032)
            (  5.8778  15.7067   0.5817)
            (  5.9358  15.6879   0.6507)
            (  5.9110  15.6927   0.6279)
            (  6.0384  15.7261   0.6250)
            (  5.8959  15.7862   0.7788)
            (  5.8293  15.7361   0.6492)
            (  5.8013  15.7084   0.6077)
            (  6.1151  15.3998   0.5980)
            (  6.1558  15.4782   0.6361)
            (  6.1705  15.4941   0.6369)
            (  5.9393  15.3962   0.5604)
            (  5.9935  15.4350   0.6057)
            (  6.0179  15.4356   0.6121)
            (  5.8257  15.2687   0.5428)
            (  5.8575  15.3627   0.5826)
            (  5.8710  15.3764   0.5838)
            (  5.2451  16.7412   0.8323)
            (  5.2115  16.8253   0.8344)
            (  5.2434  16.6886   0.7311)
            (  5.2196  16.6195   0.6948)
            (  5.2332  16.6523   0.7014)
            (  5.3109  16.5440   0.6656)
            (  5.1145  16.9432   0.8109)
            (  5.0298  17.0396   0.8888)
            (  5.0461  17.0710   0.9054)
            (  4.9556  17.8773   0.9086)
            (  4.9183  18.0963   0.9038)
            (  4.1480  19.9432   0.5468)
            (  3.9468  19.7816   0.5476)
            (  4.0717  19.8101   0.5756)
            (  5.8143  15.7828   0.6874)
            (  5.7867  15.6605   0.6300)
            (  5.8067  15.6543   0.6533)
            (  5.7322  15.6289   0.6951)
            (  5.9743  15.6165   0.6989)
            (  5.9278  15.5695   0.6943)
            (  5.5904  15.6433   0.6479)
            (  5.8114  15.4348   0.6799)
            (  5.7747  15.4075   0.6717)
            (  5.8851  15.5235   0.6896)
            (  5.8472  15.4788   0.6848)
            (  5.6237  15.6441   0.6590)
            (  5.4893  15.4985   0.6496)
            (  5.6616  15.3930   0.6336)
            (  5.6285  15.3970   0.6270)
            (  5.7375  15.4028   0.6590)
            (  5.6999  15.3980   0.6463)
            (  5.5147  15.5346   0.6491)
            (  5.1809  16.8094   0.7872)
            (  5.2317  16.7114   0.8310)
            (  5.2181  16.6789   0.8247)
            (  4.7675  18.4697   0.8721)
            (  4.8655  17.9488   0.8840)
            (  4.8306  17.8958   0.8522)
            (  6.2308  15.7273   0.7005)
            (  6.2286  15.6326   0.6699)
            (  6.2159  15.6246   0.6716)
            (  6.0443  15.5390   0.6819)
            (  6.1141  15.5186   0.6679)
            (  6.0973  15.4950   0.6648)
            (  6.1452  15.5568   0.6713)
            (  6.1301  15.5394   0.6701)
            (  6.0622  15.5611   0.6844)
            (  5.9144  15.4646   0.6547)
            (  5.9453  15.4715   0.6320)
            (  5.9235  15.4724   0.6278)
            (  5.9895  15.4702   0.6412)
            (  5.9672  15.4707   0.6364)
            (  5.9290  15.4607   0.6568)
            (  5.7755  15.9966   0.7553)
            (  5.7928  16.0128   0.7642)
            (  5.8311  16.0063   0.6503)
            (  4.4895  19.3462   0.8123)
            (  4.4394  19.3308   0.8079)
            (  4.3553  19.6693   0.7533)
            (  5.7866  15.6875   0.5961)
            (  5.7883  15.6752   0.6208)
            (  5.8342  15.7851   0.7093)
            (  6.1270  15.6301   0.6914)
            (  6.1740  15.5862   0.6721)
            (  6.1598  15.5722   0.6719)
            (  6.2023  15.6135   0.6723)
            (  6.1882  15.5999   0.6722)
            (  6.1512  15.6539   0.6937)
            (  5.9780  15.4594   0.6708)
            (  6.0347  15.4693   0.6510)
            (  6.0120  15.4697   0.6461)
            (  6.0805  15.4709   0.6616)
            (  6.0575  15.4690   0.6562)
            (  5.9954  15.4743   0.6746)
            (  5.9030  15.4712   0.6240)
            (  5.8896  15.4574   0.6227)
            (  5.8688  15.4758   0.6480)
            (  4.8696  18.1084   0.9021)
            (  4.8933  18.1073   0.9028)
            (  4.9458  17.8333   0.9090)
            (  6.1101  15.7108   0.6940)
            (  5.9772  15.6760   0.6970)
            (  5.9584  15.6825   0.6737)
            (  5.3223  16.4104   0.6805)
            (  5.1927  16.5537   0.6793)
            (  5.2062  16.5864   0.6863)
            (  5.6781  15.7778   0.7410)
            (  5.5000  15.9679   0.7498)
            (  5.5371  16.0054   0.7583)
            (  4.9690  16.8293   0.7679)
            (  4.8537  17.2480   0.8076)
            (  4.8917  17.3127   0.8352)
            (  4.6861  16.6904   0.7223)
            (  4.5345  17.7991   0.6178)
            (  4.5883  17.8488   0.6760)
            (  4.3894  18.4401   0.6738)
            (  4.1145  19.2408   0.6365)
            (  4.2109  19.3574   0.6936)
            (  5.1013  16.5635   0.7130)
            (  5.2886  16.3171   0.7392)
            (  5.2952  16.2466   0.7617)
            (  4.5238  16.5684   0.7329)
            (  4.3988  17.6687   0.5555)
            (  4.4808  17.7495   0.5596)
            (  4.3876  16.4910   0.6837)
            (  4.1790  17.3857   0.6167)
            (  4.2889  17.5272   0.5861)
        );
    }
