/*--------------------------------*- C++ -*----------------------------------*\ 
| =========                 |                                                 |
| \\      /  F ield         | OpenFOAM: The Open Source CFD Toolbox           |
|  \\    /   O peration     | Version:  6                                     |
|   \\  /    A nd           | Web:      www.OpenFOAM.org                      |
|    \\/     M anipulation  |                                                 |
\*---------------------------------------------------------------------------*/
            lateral11
    {
        type            freestream;        freestreamValue nonuniform List<vector>
        303
        (
            (  3.7086   8.7363   0.9581)
            (  3.3952   9.1489   1.3187)
            (  3.2696  10.3378   1.3913)
            (  2.5751  10.5669   1.0641)
            (  1.7953  10.8481   0.7553)
            (  1.2926  10.4826   0.4780)
            (  1.6521   9.3799   0.2427)
            (  2.1157   8.3814   0.0533)
            (  2.3648   8.0242  -0.1051)
            (  2.6184   7.9667  -0.2354)
            (  3.0874   7.7138  -0.2898)
            (  3.5652   7.2620  -0.3213)
            (  3.7079   6.8436  -0.3945)
            (  3.6933   6.4337  -0.4020)
            (  3.6302   6.4990  -0.4368)
            (  3.6840   7.0794  -0.4541)
            (  3.5359   8.8030   0.8845)
            (  3.3572   9.4212   1.0253)
            (  3.2134  10.3608   0.9332)
            (  2.8168  10.6420   0.7326)
            (  2.0106  11.0709   0.4967)
            (  1.4166  10.7369   0.2818)
            (  1.6421   9.5323   0.1070)
            (  2.0196   8.5492  -0.0427)
            (  2.2535   8.0796  -0.1569)
            (  2.4363   7.9549  -0.2367)
            (  2.8824   7.6031  -0.2627)
            (  3.3813   7.1096  -0.2989)
            (  3.6671   6.5998  -0.3421)
            (  3.7569   6.2322  -0.3900)
            (  3.7233   6.4220  -0.4380)
            (  3.8216   7.1641  -0.5024)
            (  3.3762  10.7368   0.4136)
            (  3.4059   8.9681   0.8551)
            (  3.5779  10.0833   0.6945)
            (  3.4256  10.4022   0.5877)
            (  3.0502  10.7270   0.4158)
            (  2.2234  11.2196   0.2389)
            (  1.5691  10.8854   0.0754)
            (  1.6274   9.6568  -0.0534)
            (  1.8845   8.6945  -0.1454)
            (  2.1011   8.1812  -0.2091)
            (  2.2607   7.9312  -0.2554)
            (  2.6871   7.5625  -0.2784)
            (  3.2297   7.0214  -0.3014)
            (  3.6939   6.5154  -0.3256)
            (  3.8056   6.1744  -0.3863)
            (  3.8875   6.5296  -0.4476)
            (  3.9691   7.2574  -0.5322)
            (  3.6709  10.7061   0.4946)
            (  3.2913   9.3817   0.8604)
            (  3.8973  10.5092   0.7154)
            (  3.7538  10.6714   0.5483)
            (  3.2938  10.9607   0.3559)
            (  2.3603  11.4034   0.1593)
            (  1.6659  10.9831  -0.0347)
            (  1.6017   9.6548  -0.1917)
            (  1.7284   8.7750  -0.2789)
            (  1.9257   8.3080  -0.2844)
            (  2.1362   8.0879  -0.3221)
            (  2.6178   7.6467  -0.3611)
            (  3.1984   7.1297  -0.3670)
            (  3.7470   6.7147  -0.3758)
            (  3.9294   6.3728  -0.4094)
            (  4.0647   6.7085  -0.4038)
            (  4.1292   7.3897  -0.4820)
            (  3.8730  10.8515   0.3806)
            (  3.5117   9.5169   0.8385)
            (  4.2358  10.9109   0.7518)
            (  4.1195  11.0664   0.5767)
            (  3.5487  11.2152   0.3434)
            (  2.5085  11.5203   0.1213)
            (  1.7770  11.0395  -0.1016)
            (  1.5845   9.6260  -0.2590)
            (  1.4861   8.6965  -0.3063)
            (  1.6891   8.4167  -0.3460)
            (  2.0470   8.2342  -0.4129)
            (  2.5397   7.7464  -0.4302)
            (  3.1616   7.3006  -0.4359)
            (  3.7256   6.8757  -0.4398)
            (  4.0328   6.6443  -0.4429)
            (  4.2401   6.9916  -0.4099)
            (  4.2837   7.5269  -0.4248)
            (  3.5954   8.8860   0.7773)
            (  3.6281   8.8599   0.8981)
            (  3.5280   8.7765   0.9134)
            (  3.4022   8.3419   1.1016)
            (  3.5565   8.1290   1.2902)
            (  3.0102   9.6934   0.7203)
            (  3.6226   8.9394   0.7136)
            (  3.6866  10.8927   0.4093)
            (  3.6140  10.6658   0.5019)
            (  3.3624   9.9115   0.7072)
            (  3.1126   9.7916   0.6802)
            (  3.8913  11.1107   0.2408)
            (  3.7119  10.9136   0.3916)
            (  4.0886  11.2502   0.1152)
            (  3.9412  11.1483   0.2078)
            (  3.5360   8.7645   0.9210)
            (  3.4254   8.5871   1.1423)
            (  3.4184   8.5622   1.1692)
            (  3.0292  10.3163   0.4823)
            (  2.8771  10.1544   0.5521)
            (  3.5071   8.9310   0.8047)
            (  3.2307   8.2400   0.8808)
            (  3.3359   8.1371   1.0006)
            (  3.5086  10.7405   0.4515)
            (  3.3777  10.3611   0.5511)
            (  3.2916  10.3815   0.5181)
            (  2.7642  10.2752   0.6793)
            (  3.8236  10.8161   0.4123)
            (  3.5841  10.0509   0.6842)
            (  3.4731   9.9805   0.6959)
            (  3.1510  10.6489   0.4272)
            (  2.9557  10.4723   0.5394)
            (  4.0196  10.9508   0.2896)
            (  3.8049  10.1881   0.6617)
            (  3.6949  10.1206   0.6726)
            (  2.8288  10.0970   0.5765)
            (  3.5833   8.8458   0.8212)
            (  2.9150   9.8382   0.6286)
            (  3.5928   8.8321   0.8354)
            (  3.2068  10.3300   0.5118)
            (  3.0816  10.3723   0.4592)
            (  2.8198   9.9354   0.6384)
            (  2.9717  10.0831   0.5741)
            (  3.3835   9.1869   0.7225)
            (  3.5766  10.8305   0.4468)
            (  3.5132  10.8119   0.4452)
            (  2.9117  10.4289   0.5691)
            (  2.7752  10.2938   0.6622)
            (  2.8907  10.3360   0.6738)
            (  3.0827  10.5108   0.5620)
            (  3.7758  11.0145   0.3181)
            (  3.3394  10.8314   0.3038)
            (  3.2101  10.7035   0.3918)
            (  4.0394  11.2156   0.1464)
            (  3.5213  10.9321   0.2792)
            (  3.6737  11.0771   0.1827)
            (  3.6458   8.7345   0.9473)
            (  3.5314   8.6691   1.0335)
            (  3.6140   8.6527   1.0468)
            (  3.3069   9.2662   1.1727)
            (  3.5342  10.1673   1.2718)
            (  3.5745  10.1552   1.4377)
            (  3.4237  10.7405   0.4263)
            (  3.3778  10.5875   0.4685)
            (  3.3358  10.6240   0.4427)
            (  2.6504  10.5098   0.2181)
            (  2.5960  10.4789   0.2030)
            (  3.6721   8.8370   0.8672)
            (  3.4413   8.6403   1.0841)
            (  3.4331   8.6133   1.1137)
            (  3.5198   8.7497   0.9428)
            (  3.2955  10.6339   0.4272)
            (  3.2580  10.6413   0.4134)
            (  3.0695   9.5030   0.7417)
            (  3.0238  10.1393   0.5500)
            (  3.1178  10.1127   0.5646)
            (  3.5249  10.3729   0.5823)
            (  3.4647  10.3446   0.5829)
            (  3.5523  10.6310   0.5044)
            (  2.6051  10.5028   0.2089)
            (  2.6224  10.5340   0.2175)
            (  3.8407  11.0701   0.2755)
            (  3.1163  10.5464   0.5362)
            (  3.3639  10.7558   0.4122)
            (  3.4644  10.8517   0.3482)
            (  3.5862  10.9632   0.2765)
            (  3.9903  11.1822   0.1770)
            (  2.9780  10.2719   0.5020)
            (  3.0308  10.4498   0.4314)
            (  3.0817  10.5132   0.4078)
            (  2.9283  10.2193   0.5246)
            (  2.7357  10.2441   0.7023)
            (  2.8232  10.6273   0.2734)
            (  2.7423  10.5734   0.2458)
            (  3.2641   9.4740   0.6159)
            (  3.6230   9.0563   0.6325)
            (  3.6342   9.0233   0.6564)
            (  3.3315   9.3450   0.6535)
            (  3.4765   9.2013   0.6431)
            (  3.0684   9.6822   0.6202)
            (  3.6103   9.0223   0.6924)
            (  3.6851   8.8185   0.8446)
            (  3.6392   8.9323   0.7789)
            (  3.6861   8.9034   0.7523)
            (  3.1282  10.5329   0.4145)
            (  3.1705  10.5270   0.4292)
            (  3.1237  10.3605   0.4760)
            (  3.2150  10.6426   0.4001)
            (  3.3505  10.6498   0.5433)
            (  3.3373  10.6311   0.5536)
            (  3.6345  10.8429   0.4492)
            (  3.1059  10.4824   0.6106)
            (  3.0969  10.4660   0.6261)
            (  2.7807  10.5777   0.3980)
            (  2.7972  10.6339   0.3476)
            (  2.8479  10.3600   0.6198)
            (  2.9305  10.3754   0.6467)
            (  3.2595  10.6187   0.5256)
            (  3.1409  10.5185   0.5849)
            (  3.2945  10.7877   0.3335)
            (  2.9647  10.5444   0.4541)
            (  3.0332  10.6052   0.4165)
            (  2.9014  10.4766   0.5037)
            (  2.9284  10.5075   0.4800)
            (  3.2554  10.7479   0.3615)
            (  2.7938  10.5656   0.3132)
            (  2.8049  10.5919   0.2978)
            (  3.5439   8.8296   0.8554)
            (  3.4579   8.6945   1.0247)
            (  3.4497   8.6674   1.0544)
            (  3.1814   9.3153   0.8710)
            (  3.1416   8.5693   0.6763)
            (  3.1258   8.3430   0.7610)
            (  3.7243  10.7435   0.4768)
            (  3.6369  10.4465   0.5697)
            (  3.5809  10.4099   0.5760)
            (  3.6213   9.5834   0.8278)
            (  4.1057  10.4162   0.8272)
            (  3.8650   9.9552   0.7895)
            (  3.5915   8.8729   0.7916)
            (  3.6362   8.9431   0.7036)
            (  3.6396   8.9555   0.6901)
            (  3.3302   8.4237   1.3429)
            (  3.3385   8.4506   1.3134)
            (  3.5014   8.2037   1.2287)
            (  3.6608  10.8690   0.4285)
            (  3.3558  10.6548   0.5342)
            (  3.4458  10.7337   0.4856)
            (  3.2028  10.0894   0.5984)
            (  3.2887  10.0687   0.6314)
            (  3.1987   9.7721   0.7129)
            (  3.4896  10.7767   0.4562)
            (  3.5453  10.8287   0.4222)
            (  3.7367  10.9321   0.3753)
            (  3.4923   8.6959   1.0070)
            (  3.4893   8.6840   1.0197)
            (  3.5638   8.7513   0.9336)
            (  3.4655  10.5740   0.4994)
            (  3.4218  10.5806   0.4841)
            (  3.4663  10.7457   0.4370)
            (  3.0835  10.5883   0.4654)
            (  2.8658  10.5458   0.4343)
            (  2.8770  10.4909   0.4858)
            (  2.8423  10.6376   0.3477)
            (  2.8546  10.6028   0.3808)
            (  3.0150  10.5269   0.5041)
            (  3.6277   8.9156   0.7337)
            (  3.6324   8.9300   0.7177)
            (  3.5875   8.8595   0.8062)
            (  3.1649  10.3442   0.4942)
            (  3.2097  10.4919   0.4535)
            (  3.2510  10.4750   0.4720)
            (  2.8696   9.9809   0.6185)
            (  3.0435   9.6299   0.6746)
            (  3.1910   9.4832   0.6643)
            (  2.9143   9.8498   0.6660)
            (  2.8924   9.7809   0.6846)
            (  2.9201  10.0295   0.5973)
            (  2.8763  10.3918   0.5958)
            (  2.8132  10.6642   0.3209)
            (  2.8280  10.6366   0.3476)
            (  3.3626  10.7164   0.4608)
            (  3.3119  10.6682   0.4929)
            (  2.9751  10.4187   0.6173)
            (  3.5738  10.9818   0.2463)
            (  3.8879  11.2126   0.1326)
            (  3.8319  11.1604   0.1667)
            (  3.9960  11.3139   0.0660)
            (  3.9422  11.2635   0.0991)
            (  3.6234  11.0292   0.2146)
            (  3.0755  10.1937   0.5265)
            (  3.0182   9.9601   0.6184)
            (  2.9662   9.9050   0.6422)
            (  3.1515  10.5832   0.5098)
            (  3.4533  10.8050   0.4005)
            (  3.4081  10.7608   0.4306)
            (  3.4075   9.5764   0.8778)
            (  3.4572  10.1963   0.9367)
            (  3.4860  10.1840   1.1066)
            (  3.4015   9.4493   0.8494)
            (  3.6247   9.4949   0.7518)
            (  3.3839   9.0337   0.7140)
            (  3.9221  10.8853   0.3499)
            (  3.8540  10.5896   0.5221)
            (  3.8047  10.5563   0.5510)
            (  3.4462   8.2794   1.1670)
            (  3.3467   8.4776   1.2839)
            (  3.3554   8.5028   1.2523)
            (  3.4746   8.7489   0.9652)
            (  3.4663   8.7217   0.9950)
            (  3.5520   8.8564   0.8262)
            (  3.7489  10.5200   0.5572)
            (  3.6929  10.4834   0.5634)
            (  3.7739  10.7796   0.4447)
            (  3.9512  10.6537   0.4626)
            (  3.9028  10.6220   0.4921)
            (  3.9709  10.9182   0.3196)
            (  3.3097  10.3299   1.2150)
            (  3.0053  10.4082   1.1658)
            (  2.9113  10.4114   1.3378)
        );
    }
