/*--------------------------------*- C++ -*----------------------------------*\ 
| =========                 |                                                 |
| \\      /  F ield         | OpenFOAM: The Open Source CFD Toolbox           |
|  \\    /   O peration     | Version:  6                                     |
|   \\  /    A nd           | Web:      www.OpenFOAM.org                      |
|    \\/     M anipulation  |                                                 |
\*---------------------------------------------------------------------------*/
            lateral12
    {
        type            freestream;        freestreamValue nonuniform List<vector>
        336
        (
            (  4.0694  10.9834   0.2613)
            (  3.7271   9.6470   0.8036)
            (  4.5694  11.3255   0.8178)
            (  4.5033  11.4391   0.6063)
            (  3.8132  11.4667   0.3548)
            (  2.7288  11.5841   0.1456)
            (  1.9427  11.0087  -0.0763)
            (  1.5927   9.5603  -0.2681)
            (  1.3604   8.6754  -0.3803)
            (  1.4595   8.5333  -0.4352)
            (  1.8641   8.3268  -0.4689)
            (  2.4744   7.8535  -0.4852)
            (  3.1532   7.4425  -0.5087)
            (  3.7050   7.0857  -0.5096)
            (  4.0887   6.9234  -0.4863)
            (  4.3559   7.2390  -0.4293)
            (  4.4032   7.7042  -0.3773)
            (  4.2689  11.1878   0.1088)
            (  3.9513   9.9056   0.6959)
            (  5.1375  11.8731   0.9427)
            (  4.9617  11.8216   0.5800)
            (  4.0942  11.6589   0.1612)
            (  2.9622  11.7617  -0.0183)
            (  2.1865  11.0386  -0.2196)
            (  1.7680   9.2949  -0.4067)
            (  1.0874   8.5060  -0.4798)
            (  1.0993   8.4815  -0.5569)
            (  1.6253   8.3005  -0.5675)
            (  2.2736   7.8623  -0.5827)
            (  3.2187   7.6047  -0.5581)
            (  3.7074   7.3217  -0.5294)
            (  4.0939   7.1231  -0.4340)
            (  4.2885   7.2682  -0.3748)
            (  4.3410   7.6927  -0.3130)
            (  4.3459  11.1070   0.0522)
            (  4.3008  10.0458   0.7528)
            (  5.6875  12.4582   0.6779)
            (  5.3595  12.1706   0.3288)
            (  4.3874  11.8823   0.0484)
            (  3.2140  11.9499  -0.1300)
            (  2.4411  11.0466  -0.3270)
            (  1.8138   9.0716  -0.5074)
            (  0.8625   8.2645  -0.6104)
            (  0.7820   8.4029  -0.6552)
            (  1.3429   8.2705  -0.6580)
            (  2.1850   7.8891  -0.6470)
            (  3.2725   7.7298  -0.6077)
            (  3.7583   7.5001  -0.5559)
            (  4.0840   7.4058  -0.4508)
            (  4.2713   7.4581  -0.3352)
            (  4.2873   7.6644  -0.2132)
            (  4.4243  10.9907   0.0307)
            (  5.1429  10.3506   0.3403)
            (  6.1915  12.9937   0.2699)
            (  5.7099  12.4923   0.0791)
            (  4.5106  12.1838  -0.0504)
            (  3.3837  12.1117  -0.2058)
            (  2.6466  10.8070  -0.3942)
            (  1.8064   8.9492  -0.6068)
            (  0.7301   8.1868  -0.7252)
            (  0.5258   8.5974  -0.7780)
            (  1.0109   8.3481  -0.7557)
            (  2.0241   7.8643  -0.6668)
            (  3.1577   7.6315  -0.6432)
            (  3.7123   7.6147  -0.5416)
            (  4.0265   7.5770  -0.4318)
            (  4.2266   7.5907  -0.2890)
            (  4.2538   7.7679  -0.1294)
            (  4.5022  10.8966  -0.0135)
            (  6.0696  11.6319   0.0231)
            (  6.5636  13.2873  -0.0877)
            (  5.8867  12.6933  -0.2063)
            (  4.5451  12.5146  -0.2606)
            (  3.4735  12.2849  -0.3413)
            (  2.8080  10.5758  -0.5045)
            (  1.8827   8.7887  -0.7022)
            (  0.7919   8.2665  -0.8469)
            (  0.3297   9.0363  -0.9532)
            (  0.5813   8.5129  -0.8823)
            (  1.6333   7.9620  -0.7586)
            (  2.9127   7.3926  -0.6778)
            (  3.5923   7.6619  -0.4844)
            (  3.9203   7.6750  -0.3678)
            (  4.1365   7.6558  -0.2620)
            (  4.1646   7.8176  -0.0814)
            (  4.2530  11.2596   0.0621)
            (  4.1088  11.2006   0.1367)
            (  4.2544  11.1847   0.1197)
            (  3.9919  10.1761   0.6320)
            (  3.8392  10.0848   0.6885)
            (  4.3294  11.1818   0.0034)
            (  4.3365  11.1090   0.0675)
            (  4.1959  10.3007   0.5561)
            (  4.0430  10.2076   0.6130)
            (  4.4085  11.0732  -0.0275)
            (  4.3382  11.1713  -0.0016)
            (  4.4145  11.0036   0.0350)
            (  4.3988  10.4209   0.4813)
            (  4.2466  10.3306   0.5374)
            (  4.4845  11.0009  -0.0914)
            (  4.4165  11.0714  -0.0405)
            (  4.4923  10.9109  -0.0104)
            (  4.9165  10.4211   0.3335)
            (  4.5231  10.4353   0.4732)
            (  4.4940  10.9850  -0.0921)
            (  5.4919  10.6140  -0.0611)
            (  5.0489  10.4147   0.2874)
            (  3.3855  10.8733   0.2757)
            (  3.9003   9.8744   0.7149)
            (  4.6805  11.2474   0.9586)
            (  4.3169  10.8208   0.8597)
            (  4.2976  11.1545   0.0912)
            (  4.2479  10.8424   0.3063)
            (  4.1678  10.7234   0.3849)
            (  4.1334  10.0014   0.6658)
            (  5.2863  11.8278   0.9377)
            (  4.9851  11.5356   0.9744)
            (  4.3753  11.0566   0.0514)
            (  4.3971  10.8168   0.2654)
            (  4.3693  10.8872   0.2421)
            (  4.8327  10.1030   0.5473)
            (  5.8864  12.4846   0.4724)
            (  5.5862  12.1560   0.7051)
            (  4.4537  10.9539   0.0154)
            (  4.4663  10.7660   0.1913)
            (  4.4469  10.7898   0.2020)
            (  5.6723  10.9304   0.3112)
            (  6.3985  13.0032   0.0799)
            (  6.1569  12.7666   0.2641)
            (  4.2092  11.2658   0.0837)
            (  3.7185  11.1179   0.1552)
            (  4.1843  11.2492   0.0970)
            (  4.1431  10.7074   0.3979)
            (  4.0993  10.7452   0.3851)
            (  4.1741  11.1139   0.1722)
            (  4.2999  11.2241   0.0130)
            (  4.2908  11.2299   0.0237)
            (  4.3416  10.8350   0.2938)
            (  4.2678  10.7907   0.3308)
            (  4.3070  11.1462   0.0826)
            (  4.4357  10.7695   0.2441)
            (  4.4067  10.8055   0.2596)
            (  4.3844  11.0488   0.0427)
            (  4.4561  11.0235  -0.0627)
            (  4.4463  11.0360  -0.0579)
            (  4.5051  10.7196   0.1688)
            (  4.4857  10.7426   0.1802)
            (  4.4633  10.9427   0.0095)
            (  4.5246  10.9171  -0.0768)
            (  4.7466  10.6470   0.1114)
            (  4.5628  10.6058   0.1827)
            (  4.5428  10.8294  -0.0173)
            (  4.1490  11.0969   0.1858)
            (  4.0500  10.7149   0.4102)
            (  4.0003  10.6845   0.4354)
            (  4.2778  11.1774   0.1035)
            (  4.2635  11.0497   0.1912)
            (  4.2392  11.0343   0.2038)
            (  4.3552  11.0971   0.0456)
            (  4.3632  11.0050   0.1285)
            (  4.3537  11.0150   0.1354)
            (  4.4342  10.9769   0.0270)
            (  4.4413  10.8987   0.0967)
            (  4.4315  10.9113   0.1015)
            (  4.5327  10.8509  -0.0216)
            (  4.5444  10.6664   0.1525)
            (  4.5245  10.6949   0.1590)
            (  6.4638  12.3593  -0.2914)
            (  6.8826  13.4800  -0.2883)
            (  6.6403  13.2408  -0.1042)
            (  4.2439  11.2797   0.0575)
            (  4.2140  11.0143   0.2191)
            (  4.1890  10.9966   0.2331)
            (  4.2264  11.1575   0.1393)
            (  4.3198  11.1953   0.0068)
            (  4.2748  11.2320   0.0512)
            (  4.3441  11.0238   0.1438)
            (  4.3343  11.0355   0.1494)
            (  4.3267  11.1205   0.0734)
            (  4.1451  10.2704   0.5748)
            (  4.2283  10.5727   0.4559)
            (  4.2774  10.6023   0.4312)
            (  4.1290  10.5086   0.5081)
            (  4.1786  10.5407   0.4819)
            (  4.0941  10.2393   0.5938)
            (  4.4000  11.0803  -0.0194)
            (  4.4217  10.9241   0.1060)
            (  4.4116  10.9401   0.1078)
            (  4.4031  11.0275   0.0309)
            (  4.3263  10.6308   0.4072)
            (  4.3753  10.6601   0.3827)
            (  4.2973  10.3607   0.5187)
            (  4.4752  11.0052  -0.0787)
            (  4.4675  11.0806  -0.1444)
            (  4.4758  11.0709  -0.1495)
            (  4.4227  11.1149  -0.0981)
            (  4.4259  11.0618  -0.0476)
            (  4.5044  10.9598  -0.0846)
            (  4.5697  10.7237   0.0449)
            (  3.1245  10.6800   0.3728)
            (  3.4831  10.9495   0.2325)
            (  4.3053  11.0694   0.1672)
            (  4.2882  11.0647   0.1788)
            (  4.2883  11.1606   0.1018)
            (  4.3827  10.9767   0.1224)
            (  4.3729  10.9906   0.1257)
            (  4.3651  11.0758   0.0498)
            (  4.2187  11.3687   0.0098)
            (  4.2279  11.3504   0.0122)
            (  4.2347  11.2921   0.0613)
            (  4.1494  11.4063  -0.0210)
            (  4.0876  11.3764   0.0067)
            (  3.8295  11.2031   0.0993)
            (  4.3099  11.2100   0.0096)
            (  4.2827  11.2285   0.0402)
            (  4.3168  11.1336   0.0778)
            (  4.3245  11.0477   0.1545)
            (  4.3148  11.0595   0.1601)
            (  4.3930  11.0438   0.0321)
            (  4.4016  10.9556   0.1098)
            (  4.3922  10.9663   0.1159)
            (  4.4493  11.0936  -0.1246)
            (  4.4588  11.0842  -0.1322)
            (  4.4658  11.0129  -0.0695)
            (  4.4368  11.0454  -0.0504)
            (  4.4307  11.1145  -0.1125)
            (  4.4393  11.1093  -0.1229)
            (  4.5148  10.9380  -0.0808)
            (  4.5533  10.8010  -0.0067)
            (  4.5605  10.7371   0.0478)
            (  4.5497  10.7511   0.0530)
            (  3.9410  10.1454   0.6509)
            (  4.0305  10.4472   0.5587)
            (  4.0796  10.4773   0.5337)
            (  3.7544  11.1494   0.1333)
            (  4.0769  11.3832   0.0172)
            (  4.0427  11.3562   0.0379)
            (  4.1596  11.2338   0.1097)
            (  4.1961  11.3900   0.0187)
            (  4.2091  11.3872   0.0079)
            (  4.5123  10.8796  -0.0142)
            (  4.5192  10.8031   0.0542)
            (  4.5092  10.8174   0.0574)
            (  4.1438  11.3523   0.0483)
            (  4.1701  11.3710   0.0335)
            (  4.1345  11.2176   0.1229)
            (  4.3480  10.3909   0.5000)
            (  4.4218  10.6853   0.3590)
            (  4.4412  10.6617   0.3483)
            (  4.4995  10.8302   0.0619)
            (  4.4898  10.8416   0.0678)
            (  4.4826  10.9217  -0.0039)
            (  4.7852  10.4261   0.3800)
            (  4.4994  10.5907   0.3160)
            (  4.5188  10.5671   0.3051)
            (  4.4606  10.6379   0.3377)
            (  4.4800  10.6142   0.3269)
            (  4.6541  10.4308   0.4266)
            (  5.3420  10.5407   0.0623)
            (  4.9800  10.7228   0.1045)
            (  5.1576  10.7670   0.0349)
            (  4.2027  10.8753   0.2964)
            (  4.2274  10.8916   0.2832)
            (  4.1925  10.7395   0.3718)
            (  4.3874  10.8284   0.2708)
            (  4.3804  10.9071   0.2005)
            (  4.3900  10.8949   0.1955)
            (  4.4608  10.8753   0.0857)
            (  4.4511  10.8867   0.0914)
            (  4.4441  10.9646   0.0219)
            (  4.1186  10.6921   0.4105)
            (  4.1533  10.8426   0.3228)
            (  4.1779  10.8582   0.3100)
            (  4.2008  11.1371   0.1549)
            (  4.1643  10.9803   0.2463)
            (  4.1391  10.9626   0.2603)
            (  4.3171  10.8208   0.3058)
            (  4.3416  10.9549   0.2215)
            (  4.3513  10.9429   0.2162)
            (  4.3031  10.9444   0.2413)
            (  4.3279  10.9598   0.2286)
            (  4.2926  10.8062   0.3181)
            (  4.4260  10.7819   0.2490)
            (  4.4189  10.8596   0.1796)
            (  4.4288  10.8462   0.1755)
            (  4.3996  10.8839   0.1895)
            (  4.4092  10.8726   0.1838)
            (  4.4163  10.7940   0.2540)
            (  4.4730  10.9318   0.0031)
            (  4.4801  10.8525   0.0740)
            (  4.4704  10.8638   0.0799)
            (  4.6363  10.6059   0.1554)
            (  4.5765  10.6561   0.1041)
            (  4.5851  10.6355   0.1074)
            (  4.5562  10.6788   0.1175)
            (  4.5663  10.6614   0.1173)
            (  4.5728  10.5905   0.1805)
            (  4.1143  10.9466   0.2733)
            (  4.0895  10.9312   0.2860)
            (  4.1243  11.0816   0.1984)
            (  4.5394  10.7704   0.0515)
            (  4.5292  10.7875   0.0522)
            (  4.5225  10.8627  -0.0151)
            (  4.8589  11.6109   0.9107)
            (  4.8273  11.6080   0.7997)
            (  4.5613  11.3621   0.7304)
            (  4.0023   9.9367   0.6770)
            (  4.2294   9.6962   1.0382)
            (  4.0609   9.6282   0.9610)
            (  5.4132  12.1495   0.8902)
            (  5.3349  12.1301   0.6095)
            (  5.0886  11.8665   0.7540)
            (  4.4395  10.0519   0.7351)
            (  4.8743  10.3600   0.6356)
            (  4.7131  10.1948   0.7372)
            (  5.9619  12.7670   0.4655)
            (  5.8276  12.6573   0.3211)
            (  5.5812  12.3937   0.4652)
            (  6.3772  13.1401   0.0908)
            (  6.3370  13.1137   0.1280)
            (  6.1157  12.9291   0.2580)
            (  6.8153  13.5072  -0.2178)
            (  6.5804  13.2678  -0.2311)
            (  6.4629  13.1954  -0.0493)
            (  3.9312  10.3877   0.6053)
            (  3.9814  10.4177   0.5833)
            (  3.8903  10.1152   0.6697)
            (  4.6031  10.5805   0.2668)
            (  4.7876  10.6503   0.1866)
            (  5.1927  10.4673   0.1853)
            (  3.8947   9.5832   0.8755)
            (  3.7578   9.5420   0.8167)
            (  3.8494   9.8436   0.7338)
            (  4.5522  10.0301   0.8388)
            (  4.3917   9.8664   0.9403)
            (  4.0532   9.9675   0.6581)
        );
    }
