/*--------------------------------*- C++ -*----------------------------------*\ 
| =========                 |                                                 |
| \\      /  F ield         | OpenFOAM: The Open Source CFD Toolbox           |
|  \\    /   O peration     | Version:  6                                     |
|   \\  /    A nd           | Web:      www.OpenFOAM.org                      |
|    \\/     M anipulation  |                                                 |
\*---------------------------------------------------------------------------*/
            lateral13
    {
        type            freestream;        freestreamValue nonuniform List<vector>
        288
        (
            (  6.4198  11.9348  -0.2453)
            (  7.0430  13.6805  -0.3158)
            (  6.0682  12.8852  -0.4376)
            (  4.6022  12.8482  -0.4476)
            (  3.5638  12.5403  -0.4754)
            (  2.9277  10.4266  -0.5839)
            (  1.9877   8.6486  -0.7748)
            (  0.8799   8.5523  -0.9698)
            (  0.1619   9.4526  -1.1196)
            (  0.4165   8.8695  -1.0332)
            (  1.2951   8.0946  -0.8805)
            (  2.6951   7.2137  -0.6912)
            (  3.3786   7.5015  -0.4970)
            (  3.7993   7.7033  -0.3383)
            (  4.0462   7.7189  -0.1898)
            (  4.0521   7.8716  -0.0597)
            (  7.2349  13.1809  -0.4867)
            (  7.4300  14.0339  -0.5880)
            (  6.3987  13.2739  -0.5833)
            (  4.4204  13.5174  -0.6339)
            (  3.5035  12.8413  -0.6358)
            (  2.8013  10.3580  -0.6509)
            (  1.8960   8.9242  -0.6895)
            (  0.7810   9.0399  -0.7968)
            (  0.0719   9.8049  -0.9512)
            (  0.4520   9.5026  -0.8778)
            (  1.2568   8.0384  -0.8538)
            (  2.5543   7.0699  -0.6983)
            (  3.2540   7.2146  -0.5394)
            (  3.7125   7.4804  -0.3990)
            (  4.0536   7.5857  -0.2715)
            (  4.1658   8.3312  -0.1738)
            (  7.7883  14.3840  -0.8077)
            (  6.3905  13.6262  -0.7814)
            (  4.1915  14.1890  -0.8250)
            (  3.3323  12.9281  -0.7516)
            (  2.5765  10.3399  -0.6891)
            (  1.7598   9.2458  -0.5845)
            (  0.7373   9.5421  -0.6092)
            (  0.0645  10.1685  -0.7029)
            (  0.5082  10.1170  -0.6930)
            (  1.2198   8.3315  -0.8068)
            (  2.4187   7.0137  -0.6964)
            (  3.1292   6.9183  -0.5891)
            (  3.5524   7.1349  -0.4643)
            (  4.0262   7.4488  -0.3556)
            (  4.1450   8.4342  -0.2300)
            (  6.3873  14.1106  -1.0704)
            (  4.4541  14.6475  -0.9909)
            (  3.1761  13.1732  -0.8138)
            (  2.3073  10.5259  -0.7128)
            (  1.5766   9.6187  -0.4939)
            (  0.5741  10.0321  -0.4498)
            (  0.1692  10.4411  -0.5064)
            (  0.5494  10.4327  -0.5720)
            (  1.4021   8.6371  -0.7171)
            (  2.3297   7.1041  -0.7103)
            (  2.9087   6.7122  -0.6427)
            (  3.4690   6.9230  -0.5264)
            (  3.9268   7.2757  -0.4160)
            (  4.1615   8.5571  -0.3052)
            (  7.8515  14.6347  -0.9576)
            (  6.1530  14.4725  -0.9784)
            (  4.2234  15.3289  -1.1283)
            (  2.9795  14.4455  -0.7072)
            (  2.0202  11.5954  -0.6664)
            (  1.1244  10.2094  -0.4563)
            (  0.0953  10.3135  -0.3440)
            (  0.5010  10.4188  -0.5283)
            (  0.9388  10.4190  -0.5110)
            (  1.7732   8.6323  -0.7535)
            (  2.4987   7.5594  -0.7484)
            (  2.9058   6.9112  -0.6704)
            (  3.6972   7.2834  -0.5699)
            (  4.0081   7.4023  -0.4890)
            (  4.3050   9.0535  -0.2676)
            (  5.6289  10.6747  -0.1591)
            (  7.7718  14.2357  -0.4664)
            (  7.5259  14.0501  -0.4205)
            (  7.8129  14.2803  -0.5136)
            (  8.0126  14.5767  -0.9515)
            (  7.0273  14.0243  -1.0099)
            (  7.1639  13.8099  -0.8089)
            (  7.8910  14.6333  -0.9190)
            (  6.7381  14.3865  -0.9746)
            (  7.0317  14.1091  -1.0605)
            (  6.1235  14.6018  -1.0129)
            (  6.6038  14.4781  -0.9258)
            (  4.8522  10.6975   0.0693)
            (  7.0856  12.9169  -0.4403)
            (  7.4436  13.9880  -0.4052)
            (  7.1454  13.7214  -0.3985)
            (  7.7134  14.1297  -0.6554)
            (  7.5771  14.0120  -0.5527)
            (  7.6078  14.3344  -1.0933)
            (  7.7225  14.2803  -0.9605)
            (  7.0606  14.3563  -1.2009)
            (  7.2605  14.3741  -1.2018)
            (  5.7148  14.7818  -0.8796)
            (  4.4260  15.1820  -1.2424)
            (  4.7520  14.9370  -1.2199)
            (  6.1205  11.0391  -0.2173)
            (  7.9448  14.4152  -0.7208)
            (  7.8013  14.2706  -0.6745)
            (  8.0120  14.5322  -0.7665)
            (  8.0302  14.5665  -0.7367)
            (  7.9582  14.4676  -0.7064)
            (  7.6028  14.1472  -0.8838)
            (  7.6223  14.1793  -0.8530)
            (  7.9429  14.5192  -0.8815)
            (  7.3230  14.3796  -1.2059)
            (  7.5350  14.3448  -1.1218)
            (  6.8122  14.3323  -1.1854)
            (  6.9920  14.3504  -1.2033)
            (  6.2828  14.5609  -0.9833)
            (  6.7528  14.3834  -1.3173)
            (  6.5436  14.4108  -1.3239)
            (  7.7014  14.2802  -0.7041)
            (  7.0730  13.6121  -0.6022)
            (  6.9789  13.5166  -0.5027)
            (  7.8413  14.4285  -0.8525)
            (  7.5701  14.1351  -0.8074)
            (  7.5153  14.0871  -0.7598)
            (  7.9623  14.5257  -1.0018)
            (  7.9342  14.5016  -0.9829)
            (  6.0802  14.3707  -1.1673)
            (  5.1007  14.6656  -1.1342)
            (  5.4220  14.3866  -1.0467)
            (  7.7894  14.6112  -0.9639)
            (  7.6464  14.4769  -0.8662)
            (  7.7029  14.4943  -0.8879)
            (  6.4971  11.7267  -0.3146)
            (  5.1568  10.8047  -0.0010)
            (  6.0187  10.9155  -0.2002)
            (  7.6901  14.1741  -0.4512)
            (  7.8365  14.3860  -0.6715)
            (  7.9824  14.5225  -0.7205)
            (  7.9107  14.4820  -0.9614)
            (  7.8627  14.4404  -0.9360)
            (  8.0021  14.5692  -0.9286)
            (  7.7512  14.5037  -0.9104)
            (  7.7981  14.5117  -0.9331)
            (  7.9313  14.6358  -0.9230)
            (  6.9481  14.3443  -1.1989)
            (  6.8332  14.3627  -1.3033)
            (  6.4432  14.5195  -0.9546)
            (  5.0964  10.8335  -0.0209)
            (  4.6027  10.6289   0.1095)
            (  4.6529  10.6522   0.0984)
            (  4.9299  10.7516   0.0333)
            (  7.4487  13.8012  -0.4640)
            (  7.3025  13.6031  -0.3552)
            (  6.6038  12.0801  -0.3000)
            (  7.5401  13.6631  -0.4847)
            (  7.4752  13.5811  -0.4733)
            (  7.4763  13.5761  -0.5555)
            (  7.9081  14.5091  -1.0023)
            (  7.9804  14.5417  -1.0224)
            (  7.5357  14.4450  -0.8405)
            (  7.5921  14.4630  -0.8433)
            (  7.7135  14.5726  -0.9507)
            (  5.7755  10.7541  -0.2315)
            (  6.3031  11.3655  -0.2613)
            (  7.8977  14.3559  -0.7077)
            (  7.7673  14.1425  -0.6800)
            (  7.8175  14.2037  -0.6933)
            (  7.8516  14.3060  -0.6935)
            (  8.0239  14.4750  -0.6115)
            (  8.0584  14.5953  -0.8359)
            (  7.8944  14.2559  -0.4325)
            (  7.8558  14.2225  -0.4221)
            (  7.9308  14.2928  -0.4460)
            (  7.9102  14.4048  -0.6406)
            (  7.9504  14.3756  -0.4982)
            (  7.9868  14.4089  -0.5191)
            (  7.9603  14.6307  -0.9444)
            (  7.8544  14.5260  -0.9570)
            (  7.8746  14.5116  -0.9800)
            (  6.8745  14.3384  -1.1887)
            (  7.1728  14.3348  -0.8956)
            (  7.1093  14.3270  -0.8974)
            (  7.2781  14.3471  -0.9211)
            (  7.2332  14.3407  -0.8973)
            (  6.9317  14.3445  -1.1971)
            (  7.4098  14.3917  -0.8413)
            (  7.4695  14.4156  -0.8381)
            (  7.3751  13.4217  -0.5331)
            (  7.4551  13.6117  -0.5088)
            (  7.4043  13.5613  -0.5095)
            (  7.1279  14.3622  -1.2002)
            (  7.4090  14.3588  -0.9226)
            (  7.3472  14.3529  -0.9179)
            (  5.5097  10.7088  -0.0415)
            (  5.4326  10.6894   0.0009)
            (  5.3013  10.8512  -0.0477)
            (  6.6366  12.2548  -0.2960)
            (  7.1828  13.5074  -0.3286)
            (  7.0634  13.4136  -0.3020)
            (  7.2387  13.8060  -0.3753)
            (  6.8843  13.4530  -0.4361)
            (  6.7260  13.3563  -0.3607)
            (  6.3977  13.8115  -0.8936)
            (  5.5186  14.0410  -0.9462)
            (  5.6154  13.6951  -0.8457)
            (  4.1957  15.7199  -1.0326)
            (  3.5818  15.3492  -1.0029)
            (  3.7363  15.0199  -0.8767)
            (  7.6676  14.2419  -0.5776)
            (  7.7840  14.3787  -0.6464)
            (  7.6081  14.1122  -0.4359)
            (  7.8600  14.3067  -0.4815)
            (  7.8993  14.3362  -0.4889)
            (  7.8615  14.3423  -0.5766)
            (  7.0245  13.9397  -0.9594)
            (  7.3368  13.9425  -0.8428)
            (  7.3807  14.0415  -0.9477)
            (  6.8678  14.2916  -1.0279)
            (  7.2537  14.2678  -1.1276)
            (  7.1039  14.3049  -1.1657)
            (  7.4270  14.1402  -1.0500)
            (  7.4062  14.2296  -1.0916)
            (  6.9979  14.1968  -1.0811)
            (  7.3367  13.4742  -0.4965)
            (  7.2426  13.3251  -0.4581)
            (  6.8991  12.5747  -0.3872)
            (  7.5423  13.8963  -0.5557)
            (  7.6152  13.9951  -0.6156)
            (  7.6506  14.1130  -0.6124)
            (  7.6861  14.3273  -1.0639)
            (  7.8414  14.4136  -1.0320)
            (  7.7783  14.4017  -1.0229)
            (  7.5366  14.3709  -0.9301)
            (  7.4712  14.3649  -0.9281)
            (  7.1946  14.3681  -1.2005)
            (  5.0987  14.9216  -1.2596)
            (  5.2450  14.8181  -1.2935)
            (  5.8610  14.6787  -0.9124)
            (  7.5763  14.0881  -0.8225)
            (  7.7384  14.3251  -0.9452)
            (  7.7615  14.3438  -0.9672)
            (  7.9868  14.5573  -0.9058)
            (  7.8425  14.4239  -0.9133)
            (  7.8185  14.4039  -0.8908)
            (  7.3965  14.3693  -1.1772)
            (  7.6493  14.3831  -0.9523)
            (  7.5957  14.3770  -0.9384)
            (  7.7286  14.3956  -1.0054)
            (  7.6958  14.3893  -0.9726)
            (  7.4667  14.3575  -1.1493)
            (  6.6752  14.4031  -1.3336)
            (  6.5001  14.4712  -1.1945)
            (  6.5790  14.4510  -1.1792)
            (  6.3433  14.5111  -1.2258)
            (  6.4225  14.4909  -1.2107)
            (  6.6072  14.4111  -1.3358)
            (  5.2429  10.8466  -0.0324)
            (  5.3870  10.6629   0.0239)
            (  5.3292  10.6650   0.0358)
            (  5.8272  10.7328  -0.2754)
            (  5.6326  10.7012  -0.1463)
            (  5.6904  10.7275  -0.1779)
            (  7.8838  14.4314  -0.6872)
            (  7.7330  14.1469  -0.4106)
            (  7.6933  14.1178  -0.4037)
            (  7.8129  14.2068  -0.4256)
            (  7.7729  14.1767  -0.4180)
            (  7.9313  14.4789  -0.7026)
            (  6.6592  14.4303  -1.1651)
            (  6.7400  14.4094  -1.1511)
            (  6.9139  14.3418  -1.2893)
            (  6.7541  12.3335  -0.3362)
            (  7.1470  13.1727  -0.4024)
            (  7.0377  13.0056  -0.3784)
            (  6.0070  14.5756  -0.9453)
            (  5.4101  14.6978  -1.2751)
            (  5.5840  14.5701  -1.2314)
            (  7.3597  13.9261  -0.3881)
            (  7.3745  13.8422  -0.3485)
            (  7.5197  14.0367  -0.4582)
            (  7.4598  14.0381  -0.7118)
            (  7.4044  13.9892  -0.6637)
            (  7.6032  14.1567  -0.5812)
            (  6.3845  13.4433  -0.6716)
            (  5.7125  13.3490  -0.7452)
            (  5.7576  13.0589  -0.5980)
            (  4.3272  14.9806  -1.0851)
            (  3.8515  14.6440  -0.8457)
            (  3.9116  14.2316  -0.9209)
        );
    }
