/*--------------------------------*- C++ -*----------------------------------*\ 
| =========                 |                                                 |
| \\      /  F ield         | OpenFOAM: The Open Source CFD Toolbox           |
|  \\    /   O peration     | Version:  6                                     |
|   \\  /    A nd           | Web:      www.OpenFOAM.org                      |
|    \\/     M anipulation  |                                                 |
\*---------------------------------------------------------------------------*/
            lateral09
    {
        type            freestream;        freestreamValue nonuniform List<vector>
        304
        (
            (  3.5942  12.3437   2.9312)
            (  3.6512  12.7856   1.8622)
            (  3.7530  13.2953   1.0475)
            (  3.7672  13.7771   0.4773)
            (  3.6929  13.6675   2.8812)
            (  4.5851  14.6910   2.5268)
            (  5.4103  15.8720   2.1177)
            (  5.8166  16.1651   0.1656)
            (  6.1426  15.8853  -1.6116)
            (  2.4182  13.4567   1.8389)
            (  3.0371  14.7906   1.6262)
            (  4.0895  16.0944   1.8284)
            (  4.0993  16.2131   0.1607)
            (  4.0283  16.3182  -1.5235)
            (  1.4280  12.2277   0.9230)
            (  1.8086  13.4126   0.7230)
            (  2.0635  14.3748   0.4455)
            (  2.0093  14.6748  -0.7442)
            (  2.1462  15.2163  -1.7293)
            (  1.5441  10.7279   0.0524)
            (  1.6703  11.5349  -0.1248)
            (  1.8277  12.1204  -0.4501)
            (  2.2029  12.2548  -1.3353)
            (  2.5261  12.3767  -2.2527)
            (  2.4833   9.7612  -0.4313)
            (  2.5732  10.0797  -0.7022)
            (  2.7469  10.3471  -1.0792)
            (  3.2580  10.3725  -1.6849)
            (  3.7990  10.3912  -2.3015)
            (  3.3439   9.0837  -0.7832)
            (  3.4843   9.3496  -1.0606)
            (  3.6073   9.5087  -1.3819)
            (  3.8401   9.3976  -1.7581)
            (  4.1694   9.3313  -2.1713)
            (  3.6834   8.7308  -0.9307)
            (  3.8364   8.9403  -1.1967)
            (  3.9142   8.9990  -1.4411)
            (  3.9059   8.7450  -1.6096)
            (  4.0294   8.6005  -1.8933)
            (  3.8036   8.4662  -0.9885)
            (  3.8488   8.5140  -1.2073)
            (  3.8126   8.4388  -1.3601)
            (  3.6688   8.1112  -1.4042)
            (  3.6029   7.8296  -1.5354)
            (  3.7342   8.0024  -0.9633)
            (  3.7060   7.9674  -1.1352)
            (  3.5656   7.8106  -1.1971)
            (  3.3719   7.4268  -1.1734)
            (  3.1784   7.0253  -1.1483)
            (  3.5642   7.3540  -0.8471)
            (  3.4382   7.2238  -0.9540)
            (  3.2829   7.0449  -1.0021)
            (  3.0543   6.6435  -0.8904)
            (  2.8158   6.2472  -0.7276)
            (  3.3965   6.7990  -0.6927)
            (  3.2632   6.6804  -0.7578)
            (  3.0984   6.5208  -0.7426)
            (  2.8834   6.2134  -0.5530)
            (  2.6727   5.8852  -0.3915)
            (  3.3290   6.5371  -0.5329)
            (  3.1810   6.3861  -0.5400)
            (  3.0162   6.2239  -0.4842)
            (  2.8350   5.9995  -0.2988)
            (  2.6317   5.7275  -0.1063)
            (  3.2600   6.5605  -0.3527)
            (  3.1288   6.3297  -0.3188)
            (  3.0073   6.1372  -0.2291)
            (  2.8122   5.9530  -0.0407)
            (  2.6192   5.7755   0.1572)
            (  3.2358  12.0763   2.6945)
            (  3.3469  12.5713   2.1363)
            (  3.3540  12.6313   2.0269)
            (  3.4242  13.0626   1.2988)
            (  3.4474  13.1349   1.2110)
            (  3.5460  13.5209   0.5343)
            (  3.6223  13.5752   0.5455)
            (  4.6050  14.7563   2.8052)
            (  4.7211  15.0312   2.0596)
            (  3.6425  13.1985   1.4239)
            (  4.6851  15.2181   1.8045)
            (  5.1073  15.1145   0.8690)
            (  3.7412  13.7137   0.6110)
            (  5.3189  15.1163   0.4207)
            (  5.9507  15.1151  -0.9385)
            (  6.2490  15.2251  -1.2552)
            (  4.9660  16.5250  -1.4116)
            (  4.7855  16.5231  -2.7612)
            (  2.8754  11.2863   1.6311)
            (  2.7687  11.5820   1.4026)
            (  4.0903  13.8782   3.3959)
            (  4.2363  14.4560   2.9461)
            (  3.6297  12.6573   2.0573)
            (  3.9949  13.9299   1.0831)
            (  4.0258  14.0064   0.8137)
            (  3.7698  13.4248   0.8629)
            (  4.1307  14.2905   0.0301)
            (  4.2870  14.2185  -0.2739)
            (  3.8899  13.6881   0.1486)
            (  4.8217  14.5218  -1.2084)
            (  5.1087  16.5706   0.2337)
            (  5.1492  16.5079  -0.8148)
            (  6.0708  15.8267  -1.0829)
            (  5.9244  16.7353  -1.4652)
            (  5.8535  16.7200  -2.0290)
            (  6.2651  15.6828  -2.1375)
            (  2.9527  15.8828  -1.5642)
            (  2.8678  15.9513  -2.3545)
            (  4.3466  16.4501  -2.6138)
            (  2.7636  12.1094   1.3504)
            (  2.8229  11.9230   1.7044)
            (  3.2117  12.3307   2.2550)
            (  2.7369  11.6827   1.3399)
            (  3.3483  12.7903   1.6639)
            (  2.7783  12.1815   1.2822)
            (  3.3577  12.8511   1.5598)
            (  3.4613  13.3112   0.8691)
            (  3.4678  13.3708   0.7589)
            (  3.5925  13.0085   1.7570)
            (  3.9295  13.7604   1.6121)
            (  3.9633  13.8502   1.3503)
            (  3.6906  13.5210   0.9483)
            (  4.0579  14.0884   0.5469)
            (  4.0936  14.1866   0.2875)
            (  3.9508  13.6511  -0.0030)
            (  4.5998  14.3307  -0.5813)
            (  4.7667  14.4309  -1.1152)
            (  5.2890  14.5748  -1.3941)
            (  5.6797  16.6899  -2.8537)
            (  5.6317  16.7066  -2.1863)
            (  4.9615  16.5480  -2.3040)
            (  5.8803  16.7160  -2.2746)
            (  5.9555  16.7003  -2.9492)
            (  3.8609  13.5761   2.1329)
            (  3.8950  13.6671   1.8717)
            (  3.6682  12.9136   1.6785)
            (  3.9469  13.7777   0.0396)
            (  3.9638  13.8419  -0.0729)
            (  3.7919  13.8321   0.3520)
            (  4.8748  16.6024   2.1738)
            (  5.0322  16.6112   1.2453)
            (  5.6492  16.0149   1.1436)
            (  3.1953  12.1985   2.4577)
            (  2.8542  11.8369   1.7899)
            (  2.9579  11.5506   2.0123)
            (  3.2027  12.8901   1.0111)
            (  3.1910  12.8289   1.1092)
            (  3.4017  12.9917   1.3859)
            (  3.4626  13.2020   1.1107)
            (  3.2522  13.0398   0.8336)
            (  3.2224  12.9583   0.9216)
            (  3.3796  13.2347   0.4909)
            (  3.4882  13.4982   0.5427)
            (  3.6963  13.6197   0.5554)
            (  5.2169  14.5456  -1.2090)
            (  5.1206  14.6685  -0.6044)
            (  5.7421  15.1180  -0.4815)
            (  4.1941  13.8622  -0.7144)
            (  6.2935  15.2540  -1.4969)
            (  6.0276  14.9752  -1.5567)
            (  5.9453  14.9944  -1.3179)
            (  2.8445  11.3921   1.5727)
            (  2.7698  11.1601   1.2305)
            (  2.7892  11.0292   1.2460)
            (  2.7199  11.3865   1.1605)
            (  2.7463  11.2793   1.2025)
            (  2.8133  11.4975   1.5137)
            (  3.8403  13.7506   0.2563)
            (  3.9725  13.9066  -0.1661)
            (  4.0009  13.9072  -0.2653)
            (  6.2509  15.5661  -1.9024)
            (  6.1503  16.2347  -2.0948)
            (  6.1832  16.2726  -2.3513)
            (  2.7757  12.0443   1.4503)
            (  2.9274  12.1931   1.7030)
            (  2.9390  12.2566   1.5997)
            (  2.7160  11.8011   1.3205)
            (  2.6908  11.9094   1.2829)
            (  3.1070  12.6064   1.3418)
            (  3.1161  12.5607   1.4682)
            (  3.3520  12.7390   1.7866)
            (  2.9635  12.4320   1.2915)
            (  2.9328  12.3102   1.4644)
            (  2.9507  12.3748   1.3775)
            (  3.3783  12.9203   1.4712)
            (  3.1626  12.7534   1.1884)
            (  3.1290  12.6745   1.2594)
            (  3.2311  13.1338   0.5657)
            (  3.2343  13.0836   0.6846)
            (  3.4631  13.2577   0.9908)
            (  3.0877  12.9578   0.5194)
            (  3.0875  12.8654   0.7199)
            (  3.0922  12.9160   0.6240)
            (  3.4827  13.4370   0.6594)
            (  3.3152  13.2112   0.4840)
            (  3.2500  13.1979   0.4782)
            (  3.7534  13.6214   0.5593)
            (  4.0564  13.8452  -0.3898)
            (  4.1234  13.8283  -0.5447)
            (  4.0181  13.6444  -0.1870)
            (  4.3484  14.3646  -0.9404)
            (  4.3088  14.2864  -0.8553)
            (  4.7993  14.3256  -1.0363)
            (  6.1471  15.0064  -1.7119)
            (  6.3342  15.2698  -1.7140)
            (  5.6369  14.7720  -1.3766)
            (  5.7343  14.7736  -1.5806)
            (  5.3997  14.6587  -1.4982)
            (  5.6915  16.6987  -2.6807)
            (  5.4084  16.6305  -2.6736)
            (  5.4054  16.6751  -2.7698)
            (  6.2034  16.3664  -2.5965)
            (  6.2289  16.3879  -2.6932)
            (  5.9238  16.7125  -2.5302)
            (  6.1815  16.7144  -2.6178)
            (  6.1238  16.7252  -2.3589)
            (  6.2141  16.7193  -2.8269)
            (  5.9863  16.7097  -2.7942)
            (  3.1460  13.6840   2.5508)
            (  3.5742  14.4029   2.5052)
            (  4.1394  14.1796   2.7041)
            (  4.0306  15.1446   2.4333)
            (  4.4878  15.8870   2.3615)
            (  4.9321  15.2284   2.2468)
            (  1.7610  14.3707  -1.9488)
            (  1.7269  14.5083  -2.4842)
            (  2.1097  15.3127  -2.3981)
            (  3.1406  12.4123   1.8647)
            (  3.1301  12.3496   1.9694)
            (  3.3362  12.5085   2.2407)
            (  3.3572  12.6883   1.9124)
            (  3.1461  12.5257   1.6344)
            (  3.1459  12.4710   1.7527)
            (  4.1667  14.7007   1.7293)
            (  4.2010  14.5130   1.9831)
            (  4.7547  14.8429   2.3132)
            (  3.6265  13.1350   1.5335)
            (  3.8076  13.1713   1.1275)
            (  3.8245  13.2161   0.9968)
            (  4.5169  14.7236   0.6406)
            (  4.3568  14.8157   0.9198)
            (  4.9165  15.1490   1.2534)
            (  3.7211  13.6499   0.7308)
            (  3.9079  13.6498   0.2765)
            (  3.9265  13.7138   0.1602)
            (  5.5307  15.1176  -0.0295)
            (  4.9105  14.6693  -0.1511)
            (  4.6983  14.6676   0.2987)
            (  4.9650  16.5367  -1.8592)
            (  5.4799  16.7084  -1.7802)
            (  5.4426  16.7171  -1.2953)
            (  5.0954  16.5784  -2.8295)
            (  5.1108  16.5835  -2.6706)
            (  4.8023  16.5284  -2.6027)
            (  3.6009  12.5389   2.2800)
            (  3.7926  13.3936   2.6570)
            (  3.8270  13.4861   2.3953)
            (  6.0023  15.7499  -0.5525)
            (  5.8270  16.6978  -0.4860)
            (  5.8852  16.7439  -0.9766)
            (  6.0944  16.7277  -2.1137)
            (  6.0607  16.6921  -1.8733)
            (  5.8325  16.7242  -1.7863)
            (  4.3477  16.4384  -2.1678)
            (  3.7203  16.1915  -2.3090)
            (  3.7320  16.2807  -2.6118)
            (  2.9593  12.0695   1.9340)
            (  2.9402  12.1316   1.8180)
            (  2.8066  11.9877   1.5934)
            (  3.7720  13.0733   1.3842)
            (  3.7900  13.1233   1.2562)
            (  3.6096  13.0717   1.6452)
            (  3.8772  13.5212   0.4945)
            (  3.8914  13.5856   0.3881)
            (  3.7052  13.5854   0.8414)
            (  4.7035  14.3291  -0.8090)
            (  4.3197  14.1820  -0.7705)
            (  4.2844  14.1029  -0.6428)
            (  5.3576  16.5846  -2.2762)
            (  5.3820  16.6050  -2.4788)
            (  5.6583  16.7025  -2.4321)
            (  2.8892  11.7428   1.8659)
            (  2.9958  11.9433   2.1635)
            (  2.9777  12.0066   2.0490)
            (  3.0382  11.8088   2.3839)
            (  3.0135  11.8795   2.2774)
            (  2.9232  11.6455   1.9371)
            (  5.1186  14.5520  -0.9777)
            (  5.4333  14.7796  -0.9153)
            (  5.5356  14.7763  -1.1453)
            (  3.6828  13.2338   3.1273)
            (  3.8020  13.2345   2.9121)
            (  3.5871  12.4416   2.5842)
            (  3.1195  15.7441   0.0216)
            (  3.0372  15.8139  -0.7721)
            (  4.0262  16.2279  -0.7555)
            (  4.7114  14.7476   2.5464)
            (  4.2322  14.3237   2.2348)
            (  4.2629  14.1340   2.4863)
            (  4.7597  15.2430   1.5342)
            (  4.2216  14.8793   1.1983)
            (  4.1895  14.7976   1.4649)
            (  3.2637  15.4874   1.4231)
            (  3.2007  15.6413   0.7624)
            (  4.1354  16.1770   1.0383)
        );
    }
