/*--------------------------------*- C++ -*----------------------------------*\ 
| =========                 |                                                 |
| \\      /  F ield         | OpenFOAM: The Open Source CFD Toolbox           |
|  \\    /   O peration     | Version:  6                                     |
|   \\  /    A nd           | Web:      www.OpenFOAM.org                      |
|    \\/     M anipulation  |                                                 |
\*---------------------------------------------------------------------------*/
            lateral03
    {
        type            freestream;        freestreamValue nonuniform List<vector>
        311
        (
            (  3.0707  14.8068   0.3035)
            (  2.9666  14.6455   0.4088)
            (  1.5561  14.2626   0.8712)
            (  0.2699  14.1741   1.1970)
            ( -0.9541  13.6921   1.3726)
            ( -1.1696  12.2080   1.3132)
            ( -0.1238  10.6814   1.1478)
            (  1.3926   8.9715   0.9838)
            (  2.4006   7.9752   0.7570)
            (  2.9180   7.7049   0.5140)
            (  3.3866   7.8407   0.4050)
            (  3.7899   7.8572   0.2051)
            (  3.8696   7.8799   0.0563)
            (  3.6836   8.1269  -0.0224)
            (  3.3273   8.6638  -0.0946)
            (  2.9096   9.3628  -0.0573)
            (  3.1306  15.1079   0.1129)
            (  2.7374  14.8588   0.4878)
            (  1.1843  14.8018   0.9594)
            ( -0.0744  15.0092   1.2495)
            ( -1.0272  14.3135   1.3346)
            ( -1.0176  12.3537   1.1786)
            (  0.2983  10.7474   0.8520)
            (  1.6519   8.8490   0.5821)
            (  2.6087   7.8527   0.4162)
            (  3.0505   7.5531   0.1456)
            (  3.5464   7.6857  -0.0207)
            (  3.8440   7.7722  -0.2110)
            (  3.8907   7.8333  -0.3662)
            (  3.5929   8.2473  -0.4469)
            (  3.2106   8.8441  -0.4917)
            (  2.7955   9.7229  -0.4687)
            (  3.1113  15.2224   0.2522)
            (  2.4626  15.1485   0.6550)
            (  0.8202  15.6762   1.2043)
            ( -0.3138  15.7822   1.4177)
            ( -0.7827  14.3619   1.3463)
            ( -0.5971  12.2345   1.0757)
            (  0.7144  10.4550   0.7095)
            (  2.0283   8.5361   0.3699)
            (  2.8341   7.6156   0.0586)
            (  3.2537   7.4159  -0.2237)
            (  3.7340   7.4995  -0.4480)
            (  3.9185   7.7204  -0.6275)
            (  3.9367   7.8009  -0.7951)
            (  3.5136   8.4156  -0.8327)
            (  3.1385   9.0818  -0.8695)
            (  2.7561  10.0306  -0.8405)
            (  3.1382  15.3401   0.4943)
            (  2.1001  15.5876   0.9184)
            (  0.6156  16.5142   1.4110)
            ( -0.2893  16.3479   1.5080)
            ( -0.4482  14.4526   1.3236)
            ( -0.0792  12.1882   1.0238)
            (  1.0865  10.1656   0.6020)
            (  2.2393   8.3178   0.2560)
            (  3.0157   7.4191  -0.1743)
            (  3.4998   7.2259  -0.4009)
            (  3.8939   7.2967  -0.7261)
            (  3.9992   7.5544  -0.8520)
            (  3.9011   7.8964  -1.0028)
            (  3.4526   8.5474  -1.0905)
            (  3.0634   9.3089  -1.0912)
            (  2.7242  10.3036  -1.1327)
            (  3.1903  15.4597   0.7310)
            (  1.7629  16.0046   1.1862)
            (  0.6145  17.2495   1.4288)
            (  0.0813  16.6691   1.3426)
            ( -0.0457  14.6159   1.1111)
            (  0.4001  12.4640   0.7835)
            (  1.3343   9.9199   0.4185)
            (  2.3342   8.1223   0.1354)
            (  3.1891   7.1345  -0.2328)
            (  3.7351   6.9666  -0.5303)
            (  3.9922   7.0915  -0.8435)
            (  4.0648   7.3645  -0.9902)
            (  3.8621   7.9794  -1.1688)
            (  3.4038   8.6401  -1.2091)
            (  3.0306   9.4825  -1.2796)
            (  2.6947  10.5494  -1.2553)
            (  3.0365  14.4524  -0.0401)
            (  2.9365  14.6842   0.0291)
            (  2.9706  14.9760   0.0640)
            (  3.1254  15.1400   0.0960)
            (  3.1380  15.1780   0.1408)
            (  3.1758  15.2896   0.2901)
            (  3.1957  15.3212   0.3510)
            (  3.2526  15.4170   0.5375)
            (  3.2715  15.4490   0.5995)
            (  3.2859  15.5175   0.6430)
            (  3.2189  14.9876   0.4610)
            (  3.1569  15.0198   0.3647)
            (  3.1154  15.0324   0.1605)
            (  2.2367  14.0615  -0.0090)
            (  2.3703  14.2687   0.0027)
            (  3.0735  15.0781   0.3140)
            (  2.9200  15.2217   0.4123)
            (  3.1162  15.1940   0.2168)
            (  2.4762  14.3926   0.0901)
            (  2.5711  14.4686   0.1406)
            (  2.7714  15.3632   0.5084)
            (  2.7004  15.4378   0.5909)
            (  3.1078  15.3058   0.4042)
            (  2.8145  14.6620   0.3252)
            (  2.9585  14.7497   0.4781)
            (  2.6233  15.5019   0.7213)
            (  2.5443  15.5666   0.8523)
            (  3.2054  15.4337   0.7138)
            (  3.3407  15.3266   0.5050)
            (  3.3697  15.4086   0.4954)
            (  2.4634  15.6320   0.9841)
            (  2.3902  15.7197   0.9403)
            (  3.1433  15.4785   0.7093)
            (  3.0540  14.7082  -0.0107)
            (  2.3154  13.5357  -0.0831)
            (  2.3026  13.1487  -0.1299)
            (  2.4269  14.1523  -0.0144)
            (  2.3390  13.6882  -0.0657)
            (  3.0383  14.7865   0.0384)
            (  3.0484  15.0573   0.0685)
            (  2.5864  14.5244   0.0213)
            (  2.4449  14.2915   0.0018)
            (  2.3890  14.2842   0.0020)
            (  2.4976  14.4143   0.0459)
            (  2.6303  14.5395   0.1538)
            (  2.7736  14.6489   0.2681)
            (  3.3560  15.3768   0.5313)
            (  3.2707  15.2603   0.4872)
            (  3.2339  15.3850   0.4749)
            (  3.0704  14.9080   0.4931)
            (  3.3309  15.2931   0.5165)
            (  3.2804  15.4886   0.6370)
            (  3.3815  15.4539   0.5228)
            (  3.3639  15.4000   0.5289)
            (  3.3843  15.5117   0.5199)
            (  3.3791  15.4746   0.5237)
            (  3.2581  15.5322   0.6585)
            (  2.1578  13.6767   0.2948)
            (  2.2639  13.8267   0.3091)
            (  2.7106  14.6523   0.0490)
            (  2.6190  14.5538   0.0224)
            (  3.0911  15.1017   0.0806)
            (  3.1492  15.2164   0.1872)
            (  2.8606  14.8444   0.1275)
            (  2.7401  14.6912   0.0678)
            (  3.0473  15.0487   0.2631)
            (  2.9068  14.9024   0.1480)
            (  3.1597  15.2550   0.2345)
            (  1.9393  13.3675   0.2656)
            (  2.0476  13.5208   0.2800)
            (  3.2153  15.3529   0.4124)
            (  3.2395  15.2195   0.4701)
            (  3.0941  15.0896   0.3152)
            (  2.2801  14.1738   0.0008)
            (  2.3255  14.2215   0.0018)
            (  2.4804  14.3728   0.1104)
            (  1.8333  13.3028   0.1953)
            (  1.8745  13.3967   0.1699)
            (  1.9543  13.4492   0.2212)
            (  1.8604  13.3220   0.2117)
            (  2.5166  14.4056   0.1267)
            (  1.5711  12.8311   0.2334)
            (  1.6208  12.8887   0.2414)
            (  2.8523  14.6698   0.3828)
            (  2.3854  13.9892   0.3365)
            (  2.2930  13.8556   0.3279)
            (  2.5714  14.2570   0.3555)
            (  2.4687  14.1114   0.3421)
            (  2.8909  14.6790   0.4405)
            (  2.3579  13.9599   0.3213)
            (  3.3522  15.3646   0.4981)
            (  3.3636  15.3987   0.4950)
            (  2.3049  13.3987  -0.0996)
            (  2.5478  13.6717  -0.0806)
            (  2.5604  13.8120  -0.0636)
            (  2.5307  13.4000  -0.1137)
            (  2.5391  13.5355  -0.0972)
            (  2.3039  13.2728  -0.1155)
            (  2.3986  14.0106  -0.0299)
            (  2.6371  14.2787  -0.0087)
            (  2.6577  14.4288   0.0092)
            (  2.5801  13.9607  -0.0459)
            (  2.6076  14.1181  -0.0274)
            (  2.3666  13.8486  -0.0477)
            (  2.6730  14.5724   0.0264)
            (  2.6988  14.6689   0.0369)
            (  2.5094  14.4520   0.0179)
            (  2.4261  14.3222   0.0025)
            (  2.0093  13.6973   0.0917)
            (  1.9391  13.5300   0.1408)
            (  2.0011  13.6587   0.1123)
            (  2.4953  14.4007   0.0117)
            (  1.7248  13.0474   0.2477)
            (  1.8337  13.2142   0.2541)
            (  2.6797  14.5941   0.1684)
            (  2.0699  13.5863   0.2480)
            (  2.0194  13.5299   0.2336)
            (  2.1954  13.7153   0.3176)
            (  2.1141  13.6134   0.2920)
            (  2.7279  14.6277   0.2118)
            (  3.1984  15.0867   0.5132)
            (  2.8129  14.5967   0.3900)
            (  2.6865  14.4192   0.3715)
            (  3.0832  14.9704   0.4372)
            (  2.9681  14.8093   0.4197)
            (  3.3213  15.2592   0.5318)
            (  3.3734  15.4483   0.5294)
            (  3.3368  15.4594   0.5723)
            (  3.3340  15.4849   0.5726)
            (  3.3573  15.5505   0.5362)
            (  3.3242  15.5615   0.5749)
            (  3.3250  15.5860   0.5709)
            (  3.3307  15.5104   0.5734)
            (  3.3266  15.5360   0.5751)
            (  3.3617  15.5245   0.5342)
            (  3.2026  14.8956   0.3531)
            (  3.1895  14.9491   0.3125)
            (  3.0844  14.8812   0.2554)
            (  3.1506  15.1096   0.1915)
            (  3.1457  15.1387   0.2252)
            (  3.1260  15.1373   0.1463)
            (  2.9527  15.4565   0.7810)
            (  2.9090  15.5019   0.8142)
            (  3.1650  15.4744   0.7219)
            (  3.0483  14.5398  -0.0411)
            (  2.7392  13.7646  -0.0772)
            (  2.7286  13.6264  -0.0940)
            (  3.2889  15.5968   0.6132)
            (  3.2895  15.5719   0.6155)
            (  3.2748  15.5259   0.6493)
            (  3.0994  14.9565   0.2078)
            (  3.1765  15.0026   0.2721)
            (  3.1636  15.0561   0.2319)
            (  3.1530  15.4762   0.7161)
            (  2.8625  15.5659   0.7980)
            (  2.8174  15.6293   0.7813)
            (  2.7645  14.0457  -0.0432)
            (  2.7505  13.9037  -0.0603)
            (  3.0630  14.6310  -0.0446)
            (  3.0213  14.8686   0.0938)
            (  2.8040  14.3430  -0.0078)
            (  2.7824  14.1923  -0.0257)
            (  2.5485  14.4889   0.0197)
            (  2.7375  14.7053   0.0386)
            (  2.7750  14.7403   0.0401)
            (  3.3410  15.3480   0.5278)
            (  3.3026  15.3926   0.4578)
            (  3.3124  15.4085   0.4886)
            (  3.2847  15.3603   0.3944)
            (  3.2935  15.3765   0.4262)
            (  3.3082  15.3059   0.5094)
            (  3.3224  15.4244   0.5191)
            (  3.3317  15.4403   0.5501)
            (  3.3724  15.4284   0.5180)
            (  3.2637  15.5359   0.6551)
            (  3.2915  15.5467   0.6162)
            (  3.2943  15.5213   0.6160)
            (  2.6819  14.6144   0.0303)
            (  2.8766  14.8372   0.0497)
            (  2.9086  14.8790   0.0688)
            (  2.8100  14.7725   0.0415)
            (  2.8437  14.8032   0.0427)
            (  2.6500  14.5815   0.0233)
            (  2.8156  14.7878   0.1071)
            (  3.0191  15.0208   0.1275)
            (  3.0625  15.0756   0.1477)
            (  2.9418  14.9221   0.0880)
            (  2.9786  14.9693   0.1075)
            (  2.7748  14.7359   0.0872)
            (  2.9992  15.0061   0.2109)
            (  3.1980  15.2337   0.2308)
            (  3.2468  15.2770   0.2830)
            (  3.1069  15.1315   0.1680)
            (  3.1502  15.1861   0.1882)
            (  2.9513  14.9584   0.1684)
            (  3.1894  15.1736   0.4196)
            (  3.2662  15.3282   0.3316)
            (  3.2757  15.3442   0.3627)
            (  3.2461  15.2966   0.2708)
            (  3.2563  15.3124   0.3011)
            (  3.1409  15.1306   0.3673)
            (  2.5347  14.3688   0.5774)
            (  2.3738  14.5107   0.6029)
            (  2.8559  14.7803   0.4875)
            (  2.2105  14.7144   0.6495)
            (  2.0384  15.1202   0.7651)
            (  2.5873  15.0028   0.5852)
            (  3.1314  15.2238   0.3324)
            (  3.1267  15.2522   0.3684)
            (  3.1066  15.2508   0.2882)
            (  3.1235  15.3262   0.5856)
            (  3.0745  15.3582   0.5831)
            (  3.1604  15.3713   0.5651)
            (  1.2076  16.6553   1.4013)
            (  1.2701  16.7353   1.2332)
            (  1.7700  16.2101   1.0717)
            (  3.1211  15.1657   0.1817)
            (  3.1409  15.1671   0.2609)
            (  3.1362  15.1955   0.2966)
            (  3.1020  15.2792   0.3246)
            (  3.1221  15.2806   0.4047)
            (  3.1220  15.3047   0.4828)
            (  3.1828  15.4025   0.6388)
            (  3.0346  15.3907   0.6488)
            (  2.9940  15.4235   0.7148)
            (  1.8665  15.5259   0.8806)
            (  1.6944  15.9308   1.0009)
            (  2.2674  15.3807   0.7850)
            (  1.5463  16.2323   1.1692)
            (  1.3764  16.4460   1.2724)
            (  1.9319  15.7956   1.0522)
        );
    }
