/*--------------------------------*- C++ -*----------------------------------*\ 
| =========                 |                                                 |
| \\      /  F ield         | OpenFOAM: The Open Source CFD Toolbox           |
|  \\    /   O peration     | Version:  6                                     |
|   \\  /    A nd           | Web:      www.OpenFOAM.org                      |
|    \\/     M anipulation  |                                                 |
\*---------------------------------------------------------------------------*/
            lateral05
    {
        type            freestream;        freestreamValue nonuniform List<vector>
        278
        (
            (  4.4319  12.9944   1.0647)
            (  2.9576  10.7232   1.2011)
            (  0.7925   7.7490   1.2334)
            ( -0.2617   6.4147   1.1851)
            ( -0.3061   6.3596   1.1734)
            (  0.7599   6.9501   1.0302)
            (  1.8749   7.1034   0.7586)
            (  2.8969   7.2063   0.6045)
            (  3.3940   7.1783   0.2909)
            (  3.7273   7.2830   0.0572)
            (  3.8176   7.1953  -0.1427)
            (  3.9035   7.3034  -0.3020)
            (  3.8261   7.4083  -0.3641)
            (  4.6895  13.3596   1.0399)
            (  3.8296  12.2609   1.4078)
            (  2.0105   9.8708   1.3592)
            (  0.6327   7.9882   1.4487)
            ( -0.2346   6.7035   1.4666)
            ( -0.2318   6.6394   1.4573)
            (  0.5717   7.1024   1.2145)
            (  1.9425   7.3976   1.1190)
            (  3.0455   7.4487   1.0429)
            (  3.5532   7.4066   0.6062)
            (  3.9113   7.3242   0.4844)
            (  3.9775   7.2078   0.2944)
            (  4.0188   7.2730  -0.0207)
            (  3.8084   7.3304  -0.0284)
            (  4.4385  13.0142   1.1064)
            (  3.4919  11.7688   1.3974)
            (  1.5756   9.7327   1.5492)
            (  0.3636   8.0545   1.5939)
            ( -0.2529   6.9731   1.5848)
            ( -0.1731   6.7856   1.5411)
            (  0.4421   7.2948   1.4555)
            (  1.9233   7.6165   1.4333)
            (  2.9369   7.6796   1.2469)
            (  3.7323   7.6195   0.9727)
            (  4.0532   7.4840   0.8111)
            (  4.1933   7.3868   0.5790)
            (  4.1008   7.2116   0.3341)
            (  3.9362   7.3380   0.2046)
            (  4.1139  12.6150   1.1017)
            (  2.8460  11.1277   1.3353)
            (  1.1973   9.5737   1.5109)
            (  0.0578   8.1900   1.6249)
            ( -0.3533   7.4876   1.6761)
            ( -0.0749   7.2379   1.6504)
            (  0.5290   7.5353   1.6410)
            (  1.8868   7.7528   1.5316)
            (  2.8905   7.8233   1.3372)
            (  3.8410   7.7854   1.1779)
            (  4.1331   7.6687   0.9164)
            (  4.3389   7.5246   0.7044)
            (  4.2351   7.3277   0.4515)
            (  4.0046   7.3825   0.3291)
            (  4.6044  13.5456   0.6636)
            (  3.9199  12.6462   0.9404)
            (  2.4944  11.3137   1.2555)
            (  0.9174   9.9162   1.4856)
            ( -0.1465   8.7526   1.6443)
            ( -0.5230   8.2439   1.7405)
            (  0.1007   7.9475   1.7397)
            (  0.6852   7.6886   1.6445)
            (  1.9267   7.8567   1.5115)
            (  2.8917   7.8838   1.3030)
            (  3.8579   7.9493   1.1091)
            (  4.1815   7.8036   0.8689)
            (  4.4099   7.6122   0.6685)
            (  4.2675   7.4479   0.4797)
            (  4.0205   7.4801   0.3560)
            (  4.8196  13.4817   0.9434)
            (  4.6235  13.3565   1.0832)
            (  4.4767  13.0344   1.0980)
            (  4.7509  13.4447   1.0250)
            (  4.7958  13.4486   0.9394)
            (  4.6491  13.2385   0.9359)
            (  4.4071  12.8901   1.0855)
            (  4.2647  12.6596   1.0817)
            (  4.5015  13.1009   1.0894)
            (  4.5926  13.1785   0.9765)
            (  4.4379  13.0165   1.0664)
            (  4.4017  13.0034   1.0271)
            (  4.2525  13.0126   0.9038)
            (  4.6239  13.5424   0.6874)
            (  4.5145  13.6195   0.4491)
            (  4.2002  13.0138   0.8642)
            (  4.0449  13.0193   0.7450)
            (  4.4586  13.5490   0.5237)
            (  4.7614  13.4983   1.0070)
            (  4.7244  13.3421   1.0879)
            (  4.8873  13.6106   0.9730)
            (  4.7391  13.4217   1.0623)
            (  4.6794  13.3591   1.0418)
            (  4.5963  13.2870   0.9614)
            (  4.5410  13.3038   0.8872)
            (  4.6869  13.5163   0.7917)
            (  4.4503  13.3336   0.7632)
            (  4.4298  13.3869   0.6907)
            (  4.5541  13.5615   0.5890)
            (  4.8881  13.5788   0.9559)
            (  4.8668  13.5803   0.9686)
            (  4.6713  13.3164   1.1527)
            (  4.5724  13.2144   1.2384)
            (  4.7237  13.3485   0.9274)
            (  4.7016  13.3585   1.1209)
            (  4.7617  13.4258   1.1603)
            (  4.6998  13.3154   0.9233)
            (  4.7478  13.4275   1.0847)
            (  4.6655  13.3462   1.0257)
            (  4.6151  13.2944   0.9810)
            (  4.6773  13.5287   0.7608)
            (  4.5235  13.3108   0.8621)
            (  4.4692  13.3287   0.7877)
            (  4.5888  13.5993   0.5534)
            (  4.5772  13.6097   0.5243)
            (  4.8667  13.6896   0.9162)
            (  4.8652  13.6401   0.9560)
            (  3.8072  11.9886   1.1713)
            (  3.6460  11.7452   1.1985)
            (  4.0557  12.4505   1.2968)
            (  4.4836  13.1157   1.2944)
            (  4.4020  13.0197   1.3334)
            (  4.6272  13.2737   1.0558)
            (  4.1194  12.4327   1.0882)
            (  3.9470  12.2388   1.1876)
            (  4.2625  12.7636   1.1294)
            (  4.7086  13.4675   0.9169)
            (  4.6924  13.4770   0.8960)
            (  4.5579  13.4988   0.7047)
            (  4.5384  13.5020   0.6809)
            (  4.5886  13.5528   0.6364)
            (  4.8523  13.4880   0.9284)
            (  4.8672  13.5165   0.9350)
            (  4.8419  13.5146   0.9481)
            (  4.6180  13.2637   1.1020)
            (  4.6919  13.3204   1.0828)
            (  4.6967  13.4128   1.0649)
            (  4.7709  13.4150   0.9357)
            (  4.8007  13.4197   0.9215)
            (  4.8303  13.4563   0.9241)
            (  4.5365  13.1195   1.0218)
            (  4.6301  13.2828   1.0627)
            (  4.6835  13.3392   1.1065)
            (  4.5446  13.1812   1.0216)
            (  4.6139  13.2665   1.0475)
            (  4.4804  13.0611   1.0696)
            (  4.7433  13.4752   0.8668)
            (  4.7235  13.4617   0.8990)
            (  4.6455  13.5414   0.7089)
            (  4.5989  13.4941   0.7507)
            (  4.5783  13.4962   0.7280)
            (  4.5267  13.5610   0.5648)
            (  4.3942  13.3998   0.6409)
            (  4.3586  13.4127   0.5911)
            (  4.7594  13.4420   1.0405)
            (  4.8142  13.5404   0.9897)
            (  4.8195  13.5992   0.9454)
            (  4.9018  13.6378   0.9792)
            (  4.8678  13.6002   0.9922)
            (  4.8234  13.5439   1.0377)
            (  4.7245  13.4089   1.0605)
            (  4.7320  13.4260   0.9371)
            (  4.7482  13.4401   0.9399)
            (  4.7070  13.3915   1.0559)
            (  4.6738  13.4747   0.8539)
            (  4.6569  13.4811   0.8272)
            (  4.5712  13.5562   0.6142)
            (  4.5191  13.5056   0.6568)
            (  4.5010  13.5103   0.6318)
            (  4.8669  13.5488   0.9521)
            (  4.8822  13.5442   0.9410)
            (  4.7794  13.4166   1.0806)
            (  4.7543  13.3958   1.1346)
            (  4.8311  13.4663   1.0115)
            (  4.8055  13.4400   1.0354)
            (  4.7290  13.3913   1.1334)
            (  4.6726  13.3048   1.1555)
            (  4.6516  13.2812   1.1421)
            (  4.7272  13.3683   1.1626)
            (  4.6962  13.3317   1.1626)
            (  4.7484  13.4130   1.1463)
            (  4.7630  13.4408   1.0864)
            (  4.6511  13.3326   1.0099)
            (  4.7194  13.4196   0.8810)
            (  4.7258  13.4230   0.9075)
            (  4.6347  13.4844   0.8009)
            (  4.6181  13.4904   0.7748)
            (  4.6648  13.5380   0.7328)
            (  4.5901  13.6994   0.3786)
            (  4.5601  13.6159   0.4974)
            (  4.5946  13.6553   0.4588)
            (  3.4535  11.5032   1.2175)
            (  3.2482  11.2597   1.2452)
            (  3.6468  12.0283   1.4306)
            (  3.7817  12.1616   1.2140)
            (  3.6341  12.2016   1.1524)
            (  4.0170  12.6307   1.0210)
            (  3.4866  12.2416   1.0907)
            (  3.3393  12.2818   1.0289)
            (  3.8232  12.6622   0.8596)
            (  4.5507  13.0911   1.0788)
            (  4.6216  13.2061   1.0807)
            (  4.5475  13.1492   1.1000)
            (  4.5654  13.1884   1.0713)
            (  4.3530  12.9377   1.3080)
            (  4.3039  12.8554   1.2827)
            (  4.3563  13.0093   0.9832)
            (  4.4713  13.1790   0.9328)
            (  4.5080  13.1676   0.9824)
            (  4.3987  13.2029   0.8336)
            (  4.4352  13.1912   0.8831)
            (  4.3045  13.0111   0.9434)
            (  4.5661  13.6695   0.4072)
            (  4.5804  13.6619   0.4340)
            (  4.5319  13.6142   0.4746)
            (  4.1482  13.0152   0.8247)
            (  4.3148  13.2183   0.7414)
            (  4.3617  13.2136   0.7843)
            (  4.7703  13.4412   1.0724)
            (  4.8123  13.4891   1.0311)
            (  4.7604  13.3901   1.0675)
            (  4.5776  13.2922   0.9368)
            (  4.6333  13.3831   0.9278)
            (  4.6525  13.3789   0.9516)
            (  4.5944  13.3886   0.8710)
            (  4.6129  13.3839   0.8984)
            (  4.5590  13.2976   0.9121)
            (  4.4316  13.3386   0.7386)
            (  4.4836  13.4190   0.7167)
            (  4.5025  13.4143   0.7412)
            (  4.7747  13.4940   1.0799)
            (  4.7388  13.4468   1.0950)
            (  4.8366  13.5436   0.9663)
            (  4.7491  13.3600   0.9550)
            (  4.7766  13.3874   0.9236)
            (  4.7470  13.3816   0.9316)
            (  4.6753  13.2819   0.9195)
            (  4.6930  13.3002   0.9949)
            (  4.7213  13.3309   0.9780)
            (  4.6692  13.3743   0.9331)
            (  4.7014  13.4046   0.8896)
            (  4.6339  13.3147   0.9952)
            (  4.5060  13.3176   0.8371)
            (  4.5612  13.4052   0.8203)
            (  4.5781  13.3976   0.8460)
            (  4.5218  13.4101   0.7656)
            (  4.5418  13.4076   0.7919)
            (  4.4879  13.3236   0.8123)
            (  4.6476  13.3012   1.0775)
            (  4.5966  13.2223   1.0990)
            (  4.5788  13.2036   1.0844)
            (  4.6328  13.2609   1.1279)
            (  4.6147  13.2416   1.1135)
            (  4.6657  13.3204   1.0919)
            (  4.5616  13.1857   1.0696)
            (  4.5444  13.1679   1.0548)
            (  4.5976  13.2500   1.0324)
            (  4.4831  13.5153   0.6064)
            (  4.4650  13.5199   0.5815)
            (  4.5088  13.5659   0.5396)
            (  4.1394  12.5348   1.1472)
            (  4.1258  12.4092   1.1786)
            (  4.3712  12.8440   1.1623)
            (  4.2549  12.7734   1.2573)
            (  4.2064  12.6921   1.2318)
            (  4.3772  12.9294   1.1210)
            (  4.2120  13.2227   0.6616)
            (  4.2632  13.2202   0.7016)
            (  4.0964  13.0171   0.7849)
            (  4.3169  12.8456   1.1343)
            (  4.1582  12.6113   1.2061)
            (  4.1102  12.5307   1.1805)
            (  2.0332   9.3210   1.2017)
            (  1.8537   9.2482   1.2597)
            (  2.7487  10.6846   1.3317)
            (  3.0189  11.0144   1.2897)
            (  2.7793  10.7929   1.3718)
            (  3.3373  11.5095   1.3640)
        );
    }
